  6.1230317691119E-17      -1.4996607218221E-32                         1      1
  6.1230317691119E-17      -1.4996607218221E-32                        -1      2
     0.15643446504023      -3.8314127969014E-17         -0.98768834059514      2
     0.30901699437495      -7.5684834950131E-17         -0.95105651629515      2
     0.45399049973955      -1.1119193011121E-16         -0.89100652418837      2
     0.58778525229247      -1.4396111092809E-16         -0.80901699437495      2
     0.70710678118655      -1.7318549141439E-16         -0.70710678118655      2
     0.80901699437495      -1.9814547033237E-16         -0.58778525229247      2
     0.89100652418837      -2.1822645016365E-16         -0.45399049973955      2
     0.95105651629515      -2.3293397053984E-16         -0.30901699437495      2
     0.98768834059514      -2.4190588349782E-16         -0.15643446504023      2
                    1      -2.4492127076448E-16      -2.4492127076448E-16      2
     0.98768834059514      -2.4190588349782E-16          0.15643446504023      2
     0.95105651629515      -2.3293397053984E-16          0.30901699437495      2
     0.89100652418837      -2.1822645016365E-16          0.45399049973955      2
     0.80901699437495      -1.9814547033237E-16          0.58778525229247      2
     0.70710678118655      -1.7318549141439E-16          0.70710678118655      2
     0.58778525229247      -1.4396111092809E-16          0.80901699437495      2
     0.45399049973955      -1.1119193011121E-16          0.89100652418837      2
     0.30901699437495      -7.5684834950131E-17          0.95105651629515      2
     0.15643446504023      -3.8314127969014E-17          0.98768834059514      2
     0.12066348529913         -0.58873210486264          0.79927143826079      1
    -0.15459181367581         -0.49065467490786          0.85753096803292      1
    0.065312251752737         -0.32156106402599          0.94463368131433      1
    -0.55646657552036          0.42110214442211         -0.71625270281636      1
    -0.37422211391444          0.20785592475185         -0.90374428020484      1
    -0.21366901647006            0.489646691498         -0.84533524054411      1
    -0.15003960695664         -0.68039162996599          0.71732513284878      1
    0.077323731895277          -0.8080685521056          0.58399165711827      1
    -0.34086715617265         -0.18423197752994         -0.92188294283937      1
    -0.14909471739249         0.022348033544118         -0.98857034683545      1
    -0.61299027815207         0.015721715673717         -0.78993401404631      1
    -0.12861902581298         -0.14391931846594          0.98119538114038      1
  -0.0091387622991148          0.99699514414668        -0.076923114676741      1
     0.19855084980082          0.96892923844637         -0.14749132492152      1
     0.13988704098692          0.98606526981599         0.090038321989214      1
     0.85134044178001            0.376146399558         -0.36569569082691      1
     0.94672351899542          0.31691661669638        -0.057257633924637      1
     0.57727506272375          -0.3584429623285          0.73367032427001      1
      0.3718801435314         -0.31324865820737          0.87383089724405      1
    -0.37357672888862         -0.57342396521825          0.72912645250755      1
    -0.91900433380718          -0.3490817069698         -0.18322935436952      1
    -0.82836341416045         -0.29794843214938         -0.47438463914862      1
    -0.93464671030362         -0.11070748839072          -0.3379043931837      1
   -0.002793050266721         -0.87186456677704         -0.48973908979056      1
    -0.27752660406811          -0.7956664104002         -0.53841800433797      1
    -0.26780758654845         -0.92594166272082         -0.26629144527171      1
    -0.76551869938634          0.24074688348569         -0.59667584078943      1
    -0.78890449286259          0.42343983926428          -0.4453407725159      1
     0.41999244773591          0.90751793849594       -0.0041874995982088      1
    -0.82300957281392        -0.017563266566842         -0.56775591121903      1
    -0.34488657404224          0.84406118372111          0.41062631330776      1
    -0.03673096021166          0.85715062372877          0.51375445964322      1
     -0.2907732609268          0.63764526095808          0.71334383848723      1
  0.00058928780068593          0.64271606827868          0.76610424115539      1
   -0.089026388628393          0.77179299757018         -0.62961088858868      1
     0.12897575880653          0.54247793613607         -0.83011019897712      1
    -0.38938724267489          0.67962754085708         -0.62167835811664      1
     0.45548382861291          0.51128169357713         -0.72878358357267      1
     0.62348435539085          0.63467497241762          -0.4565686563591      1
     0.33686266840543          0.72057663300026         -0.60604691122781      1
     0.29359902705985         -0.85986535780795           0.4176495872754      1
   -0.022065396507942         -0.93900627121377           0.3431914056298      1
    -0.11640187426914          0.26985049044974         -0.95584063340636      1
     0.56347150438585          0.80380863959078         -0.19076565378591      1
     0.79273112802044          0.58049681591691         -0.18601291723363      1
     0.21943639086184         -0.97488500501081         0.038038104193046      1
    -0.15892619220409         -0.98648116197166         0.039967267939523      1
    -0.50991936612613         -0.86008238897261         0.015508843563944      1
    -0.27603362504427          -0.9224467043735          0.26999539891522      1
    -0.34517844816456          0.85909754031914         -0.37789317953664      1
    -0.25767904902902          0.95939240633575         -0.11475067911262      1
         -0.575405957           0.8129553226597        -0.089507698038711      1
     0.97779865743867          0.13654585797415          0.15894972218044      1
      0.8483934784423          0.17884425709596         -0.49824014033432      1
      0.6858420726139          0.30310150331665         -0.66162688134617      1
    -0.70804739021511         -0.59864828693178           0.3745518946197      1
    -0.60085979084052         -0.44288684785881          0.66544628013445      1
    -0.50210334237631         -0.65898957985932          0.56002229170933      1
     0.84540696441631          0.52581273120653         0.093851138605368      1
     0.71962467485883          0.55811626499427          0.41309389015474      1
     0.68503984963914            0.727330174785         0.041366910128882      1
     0.35920955274053         -0.52779340481731         -0.76967695759409      1
     0.32831821115327         -0.29258460714631          -0.8981099041243      1
     0.13759835798754         -0.46885404884759         -0.87249216200397      1
    -0.52840262268319         -0.78915932523505          0.31307862867989      1
    -0.70743607337662         -0.69359360615305          0.13587535313319      1
    -0.87172490592746         -0.48207311089504         0.087756504817227      1
    -0.77274409538091         -0.62092312297008          -0.1316094161336      1
     0.31562627750305         -0.89326693824505         -0.32008472314041      1
     0.01452524201372         -0.97879039074752         -0.20434869298522      1
    -0.10504584058293          0.97460781889905          0.19774976793174      1
    0.094826357150181          0.94012998495511          0.32735847839627      1
     0.32439467079291          0.55634582797321          0.76501465166228      1
     0.33698500773767          0.28055100170975          0.89873925028325      1
     0.10578240694866          0.42731590600144           0.8978926432811      1
    -0.56178547891787         -0.72918635034249         -0.39074843845014      1
     -0.3838281117804         -0.60463971126921         -0.69791604091279      1
       0.579542191638          0.37780105198799          0.72207839825617      1
      -0.769848119399         -0.50709658107952         -0.38753958573968      1
     0.76367640346052          0.26329054183031          0.58947132362847      1
    -0.59252091631737              0.6747204998         -0.44008091401021      1
    -0.27579478026846         -0.80855641838266          0.51978241358175      1
    -0.10428016297675         -0.65778598541242         -0.74595123500437      1
   0.0094637798054459         -0.20388024829968         -0.97895009128405      1
    -0.36417729639337          0.92284339598013          0.12543908197796      1
    -0.70730674410108         -0.22292790887953         -0.67083553661961      1
     0.41868394923375          0.24864619380377         -0.87342934514529      1
     0.16057068212472          0.20342195807706           -0.965834645793      1
     -0.9339766745315           0.1588458986215         -0.32008678810942      1
      0.4712660980542          0.70564910289367          0.52911965415219      1
     0.32883543755678          0.89417877323064          0.30382820229627      1
     0.53867081133978          0.79743056997718          0.27191587499887      1
     0.22694300825158          -0.6995610295959         -0.67757747665964      1
     0.90246688292909          0.29408632480673          0.31474872323477      1
     0.64406770260343          -0.3446122763837          -0.6829488805385      1
     0.20329884738481          0.80729858471199          0.55402037306766      1
    -0.97933025136369          0.20191979235058         0.011859857546834      1
    -0.90764276757747           0.3843071930805         -0.16879747572429      1
    -0.85002507750387          0.49173758970133          0.18881607582321      1
     0.81429276182382         -0.30441684576503          0.49422432361814      1
    -0.31404405969545          0.19522132826612          0.92912053123371      1
    -0.47457707433742          0.29754214438127          0.82839922309858      1
    -0.15111710709566          0.34475559135855          0.92644870455415      1
     0.74195533762554         -0.59573003899487          0.30758413094331      1
     0.89541002070926         -0.37936174475745          0.23307844479493      1
    -0.68141749143677          0.28870406752453          0.67254751784451      1
    -0.75328304924517          0.50389215987644          0.42267876565419      1
    -0.53564771819411          0.59223742136826          0.60194381691692      1
     0.32029433817934          0.88655642688508         -0.33381018390548      1
    0.082921889704792          0.18352236835703           0.9795118684939      1
    -0.71374813977437         -0.20261564037403          0.67045543867169      1
    -0.63912660792101        0.0058197005056195          0.76907952133274      1
    -0.47836953889462         -0.28184916537705          0.83169924385802      1
    -0.78346659094563          0.58777901090844         -0.20173233555267      1
     0.71322226856687         -0.53811384772814         -0.44916309120802      1
     0.87576225595782          -0.2652382536739         -0.40334741827324      1
     0.67086572284816         -0.50739017069604          0.54082751093899      1
     0.46395828321051         -0.67992787355366         -0.56783870791375      1
     0.95936250916631         -0.28213996728991        -0.004540359432844      1
    -0.87096904135826         -0.29811555905989          0.39056374952354      1
    -0.84604665647595        0.0051071099770448          0.53308439528235      1
    -0.15523854430296         0.095204354877423           0.9832787626991      1
    -0.39454788789103        -0.024314441336151          0.91855363049919      1
     0.51764616009048         -0.72181342116706          0.45937766376554      1
    -0.22093010270963         -0.45796841749712         -0.86107770746426      1
    -0.99848943396979        -0.038082452982777        -0.039605265123624      1
    -0.97708469923918        -0.020847564333502          0.21182745236167      1
    -0.96784782039115         -0.23260607823945         0.095734053137703      1
    -0.89990160755832          0.23966758849209          0.36433026739531      1
     0.36399126047731         -0.62097677778648          0.69418888189459      1
     0.65057663985526         -0.71224945621991         -0.26353509783153      1
      0.8397371233336         -0.48856482725838         -0.23695141540281      1
     0.81075557046482          -0.5851168725608         0.017710178003961      1
    -0.63097599738409         -0.45212834027542         -0.63043576567716      1
     0.56447170008754         -0.81600254307712          0.12454537121854      1
   -0.009236666287985          0.95542995551391         -0.29507335376575      1
    -0.63142225379384          0.73284916817511          0.25345223242053      1
    -0.73424898264531          0.67777924938636         0.038648681550477      1
     -0.5048251521734         -0.33217765104116         -0.79674937959303      1
     0.44336995685491         -0.88863950548443         -0.11723016101189      1
     0.13271661692493          0.83645823110039         -0.53171790191455      1
     0.71665467578502         -0.18130593312135          0.67344950389058      1
    0.033117744972456         -0.16305328672178          0.98606127631966      1
     0.19109464165465         -0.16415654650498           0.9677476252466      1
    0.041674954835159          0.09223483014858          0.99486478189096      1
     0.19810081338294         0.092759182419102          0.97578266115665      1
   -0.064613990662117        -0.072300357125845          0.99528774260019      1
   -0.031936085743206         -0.23481881090478          0.97151439128439      1
   -0.077945793592091         0.047802425793568          0.99581091646434      1
    -0.14296715686974        -0.024535684704194           0.9894232624275      1
   -0.036453588008953          0.14050137125856          0.98940916743061      1
   0.0047569896704787         -0.10248085385694         -0.99472360263644      1
     0.16193634366812         -0.10366598122214         -0.98134091167986      1
     0.23668406574996          0.10252981181147         -0.96616162763275      1
    0.080979998071116          0.10259101820286         -0.99142186928497      1
   -0.074761288677286         0.011206083061704         -0.99713849259655      1
    -0.13381295748152          0.14727100043975         -0.98000272695515      1
   -0.058854306028717          0.13643992802219         -0.98889853711247      1
   -0.070492025167815         -0.09164568878828         -0.99329348236776      1
    0.022312107424096           0.2390760861584         -0.97074445395762      1
     0.32226406217984         -0.14794334788413         -0.93501798915539      1
     0.46754984219169         -0.14932580473436         -0.87126284731243      1
     0.50929101281728          0.12581932132991         -0.85134726325022      1
     0.36753874882554          0.12558333443637         -0.92149014873931      1
     0.17139608273547         -0.25191435220616          -0.9524508081657      1
     0.29246357704282           0.2282475816484         -0.92863776445661      1
     0.75816682841683          0.15372787343817         -0.63368036202532      1
     0.64685390176042          0.15394015675994          -0.7469152950061      1
     0.74104400770672         -0.17574533881428         -0.64804888282214      1
      0.6268195455895         -0.17535348649275         -0.75917614032701      1
     0.56068026812751          0.28007855011214         -0.77922631032296      1
      0.4954900311523         -0.32469074181738         -0.80564604585809      1
     0.83304358040302         0.089890261168976          -0.5458554150105      1
     0.90866600344948         0.090310759849145         -0.40763962127181      1
     0.85408785072939         -0.13446080248603         -0.50244824194265      1
     0.92326224860706         -0.13404967707966         -0.36002431080675      1
     0.77377751978177          0.24306488981088         -0.58496821214627      1
     0.77338872982363         -0.31033177374001         -0.55277849342135      1
     0.96894111930776          0.16180670868002         -0.18700720932829      1
     0.98659097882441          0.16061195748719        -0.029017918850659      1
     0.97648170713475         -0.14421156470824         -0.16027008527981      1
     0.98978848982151         -0.14252538304461       -0.0022936008447941      1
     0.91138992281325          0.35129487196684          -0.2143835850159      1
     0.91914081141838          0.19181762671807         -0.34407290922916      1
     0.85593401545933          0.27947632017022         -0.43505166089073      1
     0.93725499813394         -0.27956299387267         -0.20832090852793      1
     0.96951637212451         0.068633169900186          0.23521796736638      1
     0.99443417515657         0.068655050975421         0.079919680030816      1
     0.97719837109569         -0.14431740512534           0.1557428332406      1
     0.97206085122569          0.22904029089645         0.051363865318516      1
     0.87450099076486           0.1502665527992          0.46115938704652      1
     0.93723291907535          0.14870456168728          0.31540673539874      1
     0.89920045403566         -0.15505813456909          0.40913997405046      1
     0.82214781257338         -0.15417614715892          0.54799880467757      1
     0.94663567967117          0.21680543534044          0.23848751158153      1
      0.9413862432699         -0.19341045211516          0.27637716619646      1
     0.86357369910008         -0.34537769536063          0.36736182949509      1
     0.93560953500723           -0.333683672389          0.11528228304708      1
     0.79345825134656          0.13283584276776          0.59395171710017      1
     0.68863091655235          0.13415845456536          0.71259313064111      1
     0.65782363245752        -0.091431828284928          0.74760169164928      1
     0.76752641882317        -0.091210380504366          0.63449496680173      1
     0.84321796299756          0.28208269357558          0.45761645606708      1
     0.77096824784065         -0.24460463538788            0.588027663608      1
     0.48902349503886         -0.15962433814892          0.85754072321406      1
     0.34514162616401         -0.15878338337539          0.92502167274758      1
     0.47128573846685          0.14297571162603          0.87031471239017      1
     0.32637305329214          0.14173994311587          0.93455359322528      1
     0.47841277753209         -0.33855986008174           0.8102459104713      1
     0.59256035393645           -0.182307375752          0.78462490891452      1
     0.65141215700528         -0.27172958605265          0.70839624065165      1
     0.59495296238069          0.19255424537435          0.78035494176865      1
      0.4640718773315          0.33334817964233          0.82068037858789      1
     0.67709936079591          0.32316609520594          0.66113548575093      1
      0.2213544707283         -0.32140991379053          0.92070509154982      1
     0.21209818150614          0.23440700420998          0.94871898778252      1
    0.094119087400524         -0.46068354765457          0.88256006385248      1
   -0.045119108167443         -0.41046852147228          0.91075784869445      1
   -0.017155614375873         -0.54578413503238          0.83775017925534      1
     -0.1533869962994         -0.58964132740868          0.79296628829855      1
   -0.014853098576691          -0.6416919210508          0.76681866430129      1
     0.25084632003876         -0.45936754008793          0.85209012835297      1
   -0.036754138475504         -0.75234014031965          0.65774877162084      1
     0.10020761482785         -0.70696514758992          0.70011335798117      1
     0.24451612773846         -0.61031762146949          0.75347479334057      1
     0.22431345757962         -0.72636122616807           0.6496790298819      1
      0.3739210071114         -0.47471136124184          0.79676358096283      1
    -0.14407948654509         -0.32283049372404          0.93542587834569      1
    -0.26384600940348          -0.6317874723736          0.72885517976731      1
    -0.26646962065845          -0.5368449817334          0.80049447646677      1
    -0.32254923681396         -0.39365835387559          0.86081071685632      1
    -0.30990185855293         -0.21737879776988          0.92558484016624      1
    -0.43176074170062         -0.43344677380098          0.79101615420145      1
    -0.39193137317612          0.46349116388477         -0.79471110456632      1
     -0.2980188186538          0.35358401404485         -0.88665840589267      1
     -0.4721109811975          0.31905191772571         -0.82177679160967      1
    -0.50033585125769          0.11331291011284         -0.85838465756792      1
    -0.59779536217556          0.22329278487948          -0.7699227475417      1
     -0.4791787596903          0.55764038290058         -0.67780891084447      1
    -0.30603682507387          0.59337908907206         -0.74447479363019      1
    -0.69904411660167          0.13005563856073         -0.70315208449037      1
     -0.6686019578899          0.33473410353826         -0.66402146187772      1
    -0.78279184371504          0.33447773544878         -0.52474905802895      1
     -0.6836632393029          0.42916212624396          -0.5902748890336      1
    -0.69966769859338          0.55619891744697         -0.44845052767933      1
    -0.58496269317274          0.55789586027484         -0.58870268955076      1
    -0.49557612869705          0.68354922275635         -0.53587756132799      1
     -0.2475824812337          0.24106391539219          -0.9383981583965      1
    -0.16649837322921          0.38311480598386         -0.90857104133247      1
    -0.26473026513827          0.11645326744674          -0.9572651269219      1
    -0.24759128540187        -0.081804434058777         -0.96540488395355      1
    -0.36468839527021         0.012047977452179         -0.93105167450284      1
    -0.48496340514766        -0.085674554132897         -0.87032773507554      1
    0.020334511408286          0.66897318220188         -0.74300833719446      1
   -0.042998860972436          0.52401081968268           -0.850625510322      1
    -0.15410142971446          0.64219560756378         -0.75089117119976      1
     -0.2422160918894          0.73483986973398         -0.63351537525081      1
   0.0064085312904187          0.41401940063874          -0.9102454979957      1
    -0.21483957732004         -0.75119572057863          0.62413856266161      1
     -0.1008730709559         -0.82165094956581          0.56099406470437      1
    -0.32918830279573         -0.70057243128067          0.63311399434222      1
     0.02792751790451         -0.88297019927881          0.46859756820669      1
     0.13769870536356         -0.91223431119033          0.38583367923018      1
     0.18727568327218         -0.84212536192658          0.50571997513937      1
     0.33463949077645         -0.75358208228953          0.56580072151337      1
    -0.15107121388505         -0.88634345052356          0.43769027410862      1
    -0.16838294926389         -0.19719618413951          -0.9657954479899      1
    -0.56842172352513         -0.16092140376784         -0.80684635838188      1
    -0.42629327380822         -0.26030974743072         -0.86632146464141      1
    -0.10751571214724         -0.33650337159872         -0.93552437303587      1
     -0.2842226457847         -0.32489993945809         -0.90202966523462      1
    -0.36752674490473         -0.40013463301199         -0.83953342235083      1
    -0.72664195894939      -0.00093185813883293         -0.68701571680319      1
    -0.80139478457805            0.112593643898         -0.58744282326441      1
    -0.77156827783401         -0.12125294621931         -0.62448387943437      1
    -0.66685356359364         -0.10465538133394         -0.73780320945379      1
    -0.61134544406983         -0.27997056762418         -0.74018459135492      1
    -0.44094015715458         -0.15465360722175           0.8841120062423      1
    -0.26454127729931        -0.085068020429306          0.96061508654877      1
    -0.27753342788189         0.035785387843872          0.96004927083197      1
    0.065788299710344          0.99781178128552        0.0065991475994605      1
     0.17050590914403          0.98493143077743        -0.028944975620863      1
    0.095290327461665          0.98902652229348         -0.11289947604981      1
    0.095437360257668          0.97011094600151         -0.22310639326362      1
  -0.0092448825176362           0.9822867850559         -0.18715556110298      1
   -0.057709814779225          0.99646396224782         0.061066760348966      1
    0.017578919448138          0.98924588966539          0.14520176090933      1
    -0.13449970254085          0.98619182237015        -0.096620492167371      1
    -0.18417378790263          0.98198981511054         0.042142838878905      1
    -0.13505859718447           0.9688947004927         -0.20736980176419      1
     0.28327030148177          0.95805596937107         0.043436112290223      1
     0.31214663791173          0.94694531463534         -0.07654441541083      1
     0.37577671570114          0.91068945923839         -0.17157088555158      1
     0.26126849309875          0.93434410683212         -0.24236308411555      1
      0.1578106001701          0.93450508628851         -0.31905494538535      1
     0.37934724433503          0.91271799053505            0.151794393734      1
     0.23703862184777          0.95086213506551          0.19918306115523      1
   -0.005147153385099          0.96437840851117          0.26447644887492      1
     0.11825382564256          0.97045997211532          0.21029378317686      1
     0.21336802824379          0.92380962318095          0.31788341359943      1
     0.83011476469469          0.48302255953925         -0.27856540419089      1
     0.88191200174129          0.45499299340932         -0.12333935759967      1
     0.74940645420726           0.5136312202387         -0.41781926234749      1
     0.71756847553558          0.61570359728642         -0.32558341973464      1
     0.78041641083695          0.34484923258379         -0.52156421702677      1
     0.66780454610535          0.47830043015349         -0.57032077528003      1
     0.82781654480205          0.55906235927825         -0.04657302427622      1
     0.90478603270285          0.42546552853661         0.018474822134458      1
     0.94131904953244          0.31102730554877          0.13107426212046      1
      0.8857233576808          0.41547835157229           0.2070552415019      1
     0.47760777451953          -0.4969671928833          0.72450978110457      1
     0.62945422976151         -0.43665132503481          0.64274644532716      1
     0.52608771420832         -0.57362514654713          0.62784226379549      1
     0.70495350431309         -0.34990385169911          0.61693423581677      1
    -0.49171043706865         -0.51284062530274          0.70371538218008      1
    -0.55619919358183         -0.55565119274314          0.61797589682935      1
    -0.44073842898422         -0.62028590982063           0.6488412959226      1
    -0.54430065243388         -0.36551479280443          0.75507333153886      1
    -0.39265780768651         -0.74076974551583          0.54505048407578      1
    -0.93635356308078         -0.23225798227216         -0.26324557845631      1
     -0.8887537658295         -0.20600816936257         -0.40948428282385      1
    -0.88431555211354         -0.32745185744373         -0.33280818100939      1
    -0.80462726076498         -0.40530377248887         -0.43393988436203      1
    -0.85397571728628          -0.4329303405243         -0.28861184060759      1
     -0.9739202198081         -0.19664575191813         -0.11318062423182      1
    -0.97867235733154         -0.07532661530466         -0.19111859674525      1
     -0.9059995307114          -0.4205135305914        -0.048303425761269      1
    -0.85642554645818         -0.49105227598587         -0.15938301547811      1
    -0.83028557670359         -0.55689822271381        -0.022141153000439      1
    -0.92812320616068         -0.36057848157123         0.092576848152208      1
    -0.95468285760236         -0.29431418660986        -0.044269639261831      1
    -0.77897423633299         -0.56962447956861         -0.26215852342738      1
    -0.99026141018292         -0.13632066729854         0.028266856383568      1
    -0.88706851936474        -0.064736746183491         -0.45707613769001      1
    -0.83485370853096         -0.15950733955068         -0.52685547731951      1
    -0.77354909364806         -0.26237627874579         -0.57687129246287      1
     -0.7377447285859         -0.37918881688081         -0.55852355061917      1
    -0.70764087020059         -0.48456244430207         -0.51424083501191      1
      -0.674216365892         -0.34008805237437         -0.65557029264267      1
    -0.94295301616653         0.024291817970899         -0.33203842681551      1
    -0.89022959001717          0.07158506778331         -0.44985203692805      1
    -0.98126495791603         0.061321094782035         -0.18264393146443      1
    -0.13743132204365         -0.91306099573947          -0.3839690739898      1
     -0.2758268252759         -0.87077923473209         -0.40701730530485      1
    -0.14164884573741         -0.84262317856029         -0.51953997291278      1
   -0.054370618774876         -0.77673999418287         -0.62747017239932      1
    -0.19313974065939         -0.73523950599608         -0.64970755682896      1
   0.0059356391675511         -0.93629735077551          -0.3511581397582      1
     -0.1280305072721         -0.96281409377725         -0.23790168143909      1
     0.16742296961348         -0.94933804262167         -0.26594516366549      1
     0.15903504311364         -0.89733999000805         -0.41169017160263      1
      0.1137619260435         -0.79753930843703         -0.59244347889115      1
       0.277355401749         -0.81423599259425         -0.50999385239893      1
    0.062241583226166         -0.68874504754996         -0.72232696529543      1
    -0.42538570508015         -0.77283596879039         -0.47092628643694      1
    -0.42228595241549         -0.84250620992489         -0.33445158189272      1
    -0.48140022534902         -0.67903440998781         -0.55422566981909      1
    -0.33374653738371         -0.70665152630654         -0.62390453528807      1
    -0.24663508087194         -0.63788810781952          -0.7295682961764      1
     -0.3404233309921         -0.93984823113784         0.028235760009601      1
    -0.39597402093973         -0.90934115477419          -0.1276841375221      1
    -0.21634355566281         -0.96955144969811         -0.11474080491035      1
   -0.073025157095717         -0.99385955344381          -0.0831295041463      1
    -0.54868167766797         -0.81365932251325         -0.19211174737309      1
    -0.87317012512794          0.29510712649959         -0.38792488509145      1
    -0.86185422289749          0.20264293271038         -0.46491197048076      1
    -0.69683243387002          0.63935944342736         -0.32502932361103      1
     -0.7948145930835          0.51115891610763         -0.32708764132139      1
    -0.85821202090192          0.40860530630094         -0.31066675207071      1
    -0.92949633840644          0.27413851004581         -0.24674811893687      1
    -0.85174219262893          0.48959981838961         -0.18662061817636      1
     0.49584932710147          0.86282789558727        -0.098292763769602      1
     0.55989900836502          0.82834668238004         0.018838105580415      1
     0.63015261609466          0.77280124555733        -0.075405008415203      1
     0.44673650229104          0.85446590151134         -0.26516885313924      1
     0.48558974153851          0.86360408384083          0.13561190687404      1
     0.61802707896206          0.77007045803421           0.1582214250113      1
     0.43673360140973          0.85161650602196           0.2898501131113      1
    -0.32342395238864          0.75389277134555          0.57187641701179      1
    -0.16696704039809          0.76207153604867          0.62559490196542      1
    -0.19338257291892          0.86207966583059          0.46842483949154      1
    -0.22841511509157          0.92327530989965          0.30885148101865      1
   -0.071960707350998          0.92973344361631          0.36113346621285      1
    -0.44797173396974          0.73071677309247          0.51514495346987      1
    -0.41710967697479          0.62074412593895          0.66384956690976      1
    -0.35849323727054          0.89332339318897          0.27102751523164      1
    -0.23684420844683          0.95775398875361          0.16313221003757      1
    -0.50569363533541          0.84097385500831          0.19244979182559      1
    -0.49559299433993          0.80046979072597          0.33709894407473      1
    -0.59482412418846          0.67536093723363          0.43597232222051      1
    -0.14670922791527          0.64731632157802          0.74796923884823      1
   -0.018327041633644          0.76056578115043          0.64900216647403      1
    0.083934021232511          0.83872058157575          0.53805470550956      1
     0.10341737687243            0.735485229204          0.66960161572652      1
    0.029264088374731          0.90533469669507          0.42368939105392      1
     0.15059106672775           0.8826732135821          0.44520818573613      1
    -0.22522871636176          0.50072348014775          0.83579185312777      1
    -0.07659189943905           0.5024475237075          0.86120855015526      1
    -0.39070316648921          0.47740317563299          0.78704335559792      1
    -0.31750366091392          0.32592900580764          0.89048397429684      1
    -0.51431460984992          0.45299485183305          0.72820062229284      1
     0.16482237309073          0.60812917683132          0.77653878822323      1
    0.053690432052198          0.54009178987083           0.8398917763737      1
      0.2173303619492          0.49695711775865          0.84011971580486      1
     0.26797039752952          0.69247834731429          0.66982505518138      1
   -0.022878896923382            0.389638492111          0.92068365986425      1
     0.13381425965554           0.7051077503318         -0.69635968029091      1
    0.022019020660291          0.81052716847085         -0.58528699959916      1
    -0.22090710977376          0.82973584021656         -0.51258022231796      1
    -0.37165673955913          0.77852471723023         -0.50573761240575      1
    -0.18013596113986          0.92225653237581         -0.34204374573199      1
   -0.050092530641381          0.88050355014396         -0.47138544372714      1
    0.062448936063835          0.90623222816497         -0.41814265391089      1
     0.39983550284744          0.62162285729456         -0.67358488251421      1
     0.29663214255062          0.53481709158935          -0.7911890106351      1
     0.23665044703404          0.64164399275393         -0.72958176545291      1
     0.44215655834272          0.38437369551722         -0.81040387468778      1
      0.2799194149389          0.40435876575481         -0.87071184079322      1
     0.23658951086761          0.78448544986864         -0.57324338835421      1
       0.147268056988          0.37937688950701         -0.91344693064182      1
    -0.47476413220665          0.77658343213487         -0.41414634092756      1
     0.48703264951259          0.68730548831574         -0.53889735946635      1
     0.54759031883731          0.58158784050264         -0.60158160418611      1
     0.57800056437243          0.41242728909776         -0.70414421732528      1
     0.48227596816829          0.77735739416981         -0.40388782137725      1
     0.33284703725822          0.81400559090525         -0.47603334732287      1
     0.68695577093332          0.70119066183216          -0.1908492193874      1
     0.60125888614137          0.72867162427717          -0.3279106826703      1
     0.22871357932416          0.86990578310658         -0.43698286825739      1
      0.1006252415596         -0.97575518945602          0.19436144424944      1
     0.26190397037436         -0.93663787700009          0.23262802425958      1
      0.4379511636189         -0.85534708741801          0.27673116617103      1
     0.39960876343076         -0.91293146071276          0.08287933536292      1
     0.40927096529685         -0.79795259301882          0.44245783557253      1
     0.44580131129543         -0.67898391960565          0.58330268965969      1
     0.54958715272567         -0.78102758332258          0.29656344287215      1
    -0.09180095309918         -0.97662870857583          0.19434235409606      1
    0.030812039731283         -0.99873564465506         0.039720653356246      1
    -0.21942851467746         -0.96301586888741          0.15636995624947      1
    -0.15037358523631         -0.93899455365646          0.30931701063258      1
    -0.27855078964375         -0.87377214017512          0.39866239431708      1
     0.74685007888775          0.66096215580318        -0.073102587241271      1
     0.77191809395588          0.63205311975792         0.068200513398301      1
     0.11848254995103         -0.98937778737912        -0.084222795001752      1
     0.27248681000996         -0.95137783614639         -0.14363548050535      1
     0.38225503123071         -0.89742566888254         -0.22024590786106      1
     0.33484006366403          -0.9414253014975        -0.040006667766914      1
     0.50893287010964           -0.860798285433        0.0036939839708767      1
    -0.39917981174481          -0.9053335707164          0.14500552965065      1
    -0.40647340152839         -0.86485700625365          0.29462133762493      1
    -0.52536538637872          -0.8344757404302          0.16625717857767      1
    -0.62360342376592         -0.74819619061986          0.22654189504229      1
    -0.61495300680493         -0.78484696728625         0.076472461469165      1
    -0.74770824779673         -0.66402389450818        0.0021549243440092      1
    -0.65352912803593         -0.75458627292549        -0.059154336451413      1
    -0.67779981561608         -0.68571275578783          -0.2653025188359      1
    -0.40758259997341         -0.80975284726368           0.4221098797082      1
    -0.46846197745965          0.85086515284615         -0.23784841253767      1
    -0.42310014787234          0.90012493418117         -0.10373701237144      1
    -0.30475965765271          0.91929249643133         -0.24904388583633      1
    -0.59463657106459          0.75743308090039         -0.26963396727841      1
    -0.47595316261737          0.87928226351427         0.018201320384693      1
    -0.31369975183899          0.94950692139016        0.0053918390494763      1
    -0.68867376956227           0.7098892350957          -0.1475998408269      1
    -0.61324157728766          0.78549007693011         0.083307304181978      1
    -0.65978857607318          0.75101434035725        -0.025622167376655      1
    -0.76542123253869          0.63825210750948        -0.082247091368989      1
    -0.68799310547431          0.71064147781198          0.14715358246747      1
     -0.6112537632102         -0.63523977478866          0.47205854031871      1
    -0.66452865920585         -0.52878458966049          0.52800427917931      1
    -0.75201816934353         -0.37860874942752          0.53955916064332      1
    -0.80132677046469         -0.45509398269021          0.38828452693327      1
    -0.62389274221657         -0.70026534659028          0.34696727594153      1
    -0.52039231985585         -0.73129665792401          0.44090478739091      1
    -0.71365218524278         -0.65151679590956          0.25734494971915      1
    -0.79699182215127         -0.59335100812564          0.11286548002061      1
    -0.80227999962899         -0.54883932625268          0.23478116652279      1
    -0.88535032238436         -0.39636351038062          0.24300365078053      1
    -0.66317409432386         -0.32563361139726           0.6739160717375      1
    -0.60270109010429         -0.24493174773596          0.75944705868027      1
    -0.80370853473082         -0.25395189967172          0.53810874723791      1
      0.7175636885773          0.65666190945217          0.23215832853888      1
     0.79439961892601          0.55019512699665          0.25732191449496      1
     0.82273079010689          0.43224028056361          0.36916444420933      1
     0.63797677984578          0.68728483427837          0.34731136599392      1
     0.66191116334528          0.47683953159087          0.57835773786741      1
     0.75302929048898          0.41700460815869          0.50897352037221      1
     0.60279222482182          0.63967909995518          0.47691947200224      1
     0.53599004277522          0.55263981123516          0.63820366113316      1
     0.51003798964111          0.75908477796053          0.40453868664377      1
     0.25038852285452           -0.502304972085         -0.82764443007938      1
     0.23496706507612         -0.38400224006698         -0.89293491249534      1
     0.34693427622921         -0.41397201213087         -0.84158409036152      1
     0.50948271395851         -0.44302371230247         -0.73767022070516      1
     0.29513018734697         -0.61797792635487           -0.728698466483      1
     0.18457376450786         -0.59158929413403         -0.78482777252172      1
     0.41549001231894         -0.60959151574291         -0.67510460937359      1
      0.3484517301643         -0.69573657045523         -0.62811783629881      1
     0.56529924345167         -0.52270594648555         -0.63813420129438      1
    0.074448367050852         -0.34056331992275         -0.93726947339954      1
    0.016893458185818         -0.57124481992719         -0.82060585348684      1
    -0.04235329373975         -0.47105678985374         -0.88108552322807      1
    -0.16397988937258         -0.56259381348225         -0.81030784083141      1
    -0.93119292919421         -0.26876207538871          0.24626545728432      1
    -0.67366216150762         -0.62542506652686         -0.39372932112399      1
     0.39622869211067          -0.7995860284146         -0.45129259545492      1
     0.49230477961177         -0.81805113660926         -0.29736903312837      1
     0.56643811236681         -0.70754382158582         -0.42252763861557      1
     0.55361876837547         -0.81016950731413         -0.19269568941939      1
      0.2689710195147           0.8600237056653          0.43360560000414      1
      0.2234886956663          0.35729876829755          0.90685742709779      1
     0.33464973478661          0.42345918870595          0.84183838740446      1
     0.45765711118601          0.47295223845255          0.75290513925965      1
     0.40287313909376          0.63899576204498          0.65526914308953      1
     0.34082671540526          0.76442304693292          0.54726095729902      1
    0.095147813712699          0.30799471643183          0.94661826952356      1
   -0.034459551977449          0.26694279317304           0.9630960930512      1
    -0.60702086294509         -0.60119535812964          -0.5197016579854      1
    -0.51313601914403         -0.53435509989672         -0.67168151163433      1
    -0.30524157595703         -0.53633364884989         -0.78687597333928      1
     -0.4499088573962           -0.474293457485         -0.75672170328554      1
    -0.57206045069063         -0.39502551925284         -0.71881964350918      1
    -0.95197810577957          0.29575158179035        -0.079175046478386      1
    -0.97059686182544          0.18301195839134         -0.15635969717413      1
    -0.99648916635722         0.082546520765003        -0.013979028660429      1
      0.4054896936552           0.8107892392624          0.42213613661437      1
     0.68701583047831         -0.44680711868718         -0.57303808543818      1
     0.80492111016928         -0.40694862368831         -0.43185046495522      1
     0.59580809495529         -0.61648921776464         -0.51473659124419      1
    -0.93015728419735          0.35269827379696           0.1020360441964      1
    -0.89494806168602          0.44605389038363         0.010192828756771      1
    -0.95551036934156          0.22452861224245          0.19127685789252      1
    -0.88575016495026            0.370211085276          0.27998285238448      1
    -0.98935316125017         0.091567681563723           0.1131180004126      1
     -0.9957821354732        -0.029703496062362         0.086808069867365      1
    -0.95009365499342          0.11076240449154          0.29163973750589      1
    -0.83425953764066           0.5513324845758       -0.0065966133027015      1
    -0.83655608874639          0.37626131617211          0.39824782778287      1
    -0.80816567545127          0.50185848599072          0.30823092165047      1
    -0.75113325081691          0.62089809939131          0.22424181075233      1
     -0.7008053176579          0.62592011265042          0.34219281015547      1
     -0.7992180870027          0.58998568136949           0.1147490530973      1
     0.82656379183036         -0.49223929042973          0.27293365309588      1
     0.79056774990396         -0.45727098238352          0.40731545696402      1
     0.74858654994794         -0.40918718099661           0.5217125915148      1
     0.71242565472611         -0.55625666945193           0.4278179568208      1
    -0.23401578102261          0.27165449225235          0.93350974878225      1
    -0.39661691617657          0.24782283975377          0.88389980308798      1
    -0.44112472706171          0.13867683149088          0.88666662933843      1
    -0.35674760518484         0.086044757959123          0.93022978119529      1
    -0.23576848544104           0.1459104234091          0.96079309407042      1
    -0.15444802569144          0.22180411808707          0.96278177203333      1
    -0.58291086014862          0.29561495681601          0.75685317362582      1
    -0.61774120084924          0.44713615089828          0.64688876271984      1
    -0.56508414950118          0.15392332165176          0.81054766364121      1
    -0.66792442288584          0.14896860913874          0.72916755194118      1
    -0.52228897500845       -0.0093449139652389          0.85271736183076      1
     0.78512651772387         -0.59709390769652          0.16448470007419      1
     0.86349510585908         -0.48812528518228          0.12692481287409      1
     0.63694700897719         -0.66624671983106           0.3878322009186      1
     0.59998981601629         -0.62053198416913          0.50492799219282      1
     0.66268500372276         -0.71610123213891          0.21919765320391      1
     0.69865020159691         -0.71180406552265         0.072269413405874      1
     0.89799050786399         -0.43996410128095        0.0066811204310272      1
    -0.65161586171534          0.55414568390935          0.51799549203214      1
    -0.72778743523999          0.40206409572193          0.55558069804314      1
    -0.80540641618538          0.26911324991693          0.52810847700691      1
    -0.77615087833989          0.14929437381266          0.61261815513426      1
    -0.75190310780834        0.0055319490037307          0.65925041828457      1
    -0.88255744421527          0.12373088982048          0.45363313874148      1
    -0.56677646419266          -0.1399978018346          0.81188980478803      1
    -0.68145952818671        -0.099128517669678          0.72511133519492      1
    -0.78776735739579         -0.09975079634064          0.60784238849479      1
    -0.87088365147553         -0.14861615323163          0.46848148799209      1
     0.86633209090632         -0.38067271088458         -0.32335274152799      1
     0.78271686376827         -0.51746279830266         -0.34581290251456      1
     0.68783226764578         -0.63062099655931         -0.35944948224169      1
     0.75334919771542         -0.60700806729982         -0.25299445158831      1
     0.91228952773851         -0.39080988086651           -0.122455929198      1
     0.83309512275459         -0.54194665076141         -0.11066320152155      1
    -0.92568005286956       -0.0079920871171458          0.37822290552388      1
    -0.93821738444305          -0.1619307603399          0.30582113789696      1
    -0.97964453538979         -0.12766225738691          0.15491588788694      1
     0.74196689197201         -0.65871596883759         -0.12481347529716      1
     0.62076226109608          -0.7807764805908        -0.071009172330928      1
    -0.41922344428983         -0.20319830845864           0.4631792713324      1
    -0.54300602807429         -0.10391553431806          0.13986928384389      1
    -0.18458522947151          0.33720919583732         -0.38181286026218      1
     0.30238496411308          0.29975669261016         -0.35333784154094      1
     0.25015616966791         -0.26063016482301           0.3559550822339      1
   -0.084607112179062         -0.45613617067004          -0.2364950567008      1
    -0.47454644920961          0.17995308324743          0.37744272268488      1
        0.14841711324          0.60933704859061          0.28606449095351      1
    -0.14798543996448          0.44339879372362          0.35386451128241      1
     0.25473410082797          0.28262367094867          0.36847379499543      1
    -0.45180041897629         -0.41113008124957        -0.077494743890963      1
     0.20815993597908         -0.55248995914711         0.052935538999833      1
     0.53487055603457         -0.32392138759896         0.099222201808209      1
     0.36050991110328         -0.29628107607256         -0.24691969287396      1
    0.084691223964488          0.20844592362185          0.64634103271171      1
     0.04613444875095        -0.049481733408134                      -0.5      1
     0.42380809878131          0.45501388602319         0.076378598116669      1
    -0.22223314926721         -0.39924788386424          0.23412047331449      1
    -0.40888178109991        -0.087185491573841         -0.28525483359312      1
    -0.14558852399392         0.030158521089132           0.4825974534638      1
    0.060428920992763          0.50042689875696        -0.021177736896325      1
    -0.26825255040825          0.59532451639767         -0.14130519872108      1
     -0.6497636491328          0.10799957803755         -0.11952154747813      1
    -0.22892943007615         -0.29191996950242          -0.5326477526916      1
   -0.028560230782495         -0.39645970230849          0.53559143630627      1
     0.55439341833443          0.05283140147046         -0.34930612813386      1
                  0.5         0.083683850936069       -0.0020510381490985      1
  3.3306690738755E-16       5.5511151231258E-17      -1.1102230246252E-15      1
    -0.39898532416876           0.3037618109778         0.030065175713363      1
     0.37507808483396         -0.08847315694347           0.1769520220424      1
     0.52958658202143          -0.1303150824115          0.47187016726319      1
     0.65450849718747         0.041841925468034          0.29286710707169      1
     0.37736705041399          0.18315376094237          0.18321137842316      1
     0.53187554760146          0.14131183547434          0.47812952364395      1
     0.25244513524794         0.010996753062832          0.36221443861466      1
    -0.18137366617448        -0.068333612490988         -0.39262741679656      1
    -0.16404383258175         0.079187095671856         -0.70187214010242      1
    -0.39155194750718         0.060335216589003         -0.59449955689898      1
    -0.29673350528571          0.12501185213174         -0.33353384692765      1
    -0.27940367169298          0.27253256029458         -0.64277857023351      1
   -0.069225390360281          0.14386373121459         -0.44090643013109      1
     -0.3015757719953        -0.042032022375288         -0.71819601644822      1
    -0.31890560558803         -0.18955273053813         -0.40895129314236      1
   -0.091397490662602         -0.17070085145528          -0.5163238763458      1
    -0.47505196442893           0.2889780396615          -0.4892443505258      1
    -0.58720024024313         0.076780695955923         -0.44096533719128      1
    -0.52932271511636         0.010407043231854         -0.20238819053562      1
    -0.70764117425957          0.17437323076162         -0.35809869413378      1
    -0.41717443930216          0.22260438693744         -0.25066720387015      1
     0.42125967656022          0.14131183547434          0.58874539468519      1
     0.41897071098019          -0.1303150824115          0.58248603830442      1
     0.33623823812848          0.10422296181093          0.72767901354333      1
      0.1674236968162        -0.026092120600577           0.5011480574728      1
     0.16971266239623          0.24553479728526          0.50740741385357      1
    -0.48674486116705           0.3803245175508         -0.41357681638904      1
     -0.7193340709977          0.26571970865091         -0.28243115999701      1
     0.20267200074574         -0.28863756911272         -0.63483847879705      1
     0.13653872850127         -0.37452138150202         -0.58878873832982      1
     0.29372645967743         -0.49792105283423          -0.4622485847668      1
     0.20332217992712         -0.17288140474035         -0.37345984643698      1
     0.35985973192191         -0.41203724044493         -0.50829832523403      1
   -0.019236331714056         -0.25280895203909          -0.3682475283504      1
    0.071167948036259         -0.57784860013297         -0.45703626668022      1
     0.13795139946211          -0.3762086233713         -0.24170737478738      1
     0.67194377520476         -0.16196069379948          0.34350372705034      1
     0.51743527801729         -0.12011876833145         0.048585581829555      1
     0.39251336285124         -0.29227577621099          0.22758864202106      1
    -0.29178527682013          0.32048550340756         -0.17587384227441      1
    -0.59394490851568          0.36360082512104         -0.20763779840127      1
    -0.52437448665078          0.20588069450768        -0.044728185882383      1
     -0.3336189372885          0.44954316368774        -0.055620011503858      1
    -0.52857852163542          0.50938217783098         -0.29332298561849      1
    -0.22641888993988           0.4662668561175         -0.26155902949163      1
    -0.51093602962599        -0.035731887950062         -0.53759442381972      1
    -0.39878775381179          0.17646545575552         -0.58587343715425      1
    0.091866403369245         -0.25916789112786         -0.68624608100198      1
     0.19685410916972          0.10422296181093          0.79869877450343      1
     0.27958658202143          -0.1303150824115          0.65350579926453      1
     0.14022838179623         -0.19822985115425          0.74332397630071      1
     0.11079796944271         -0.32854493356575          0.44577325927009      1
    0.028065496590997         -0.09400688934332          0.59096623450899      1
    -0.05148013432077        -0.013566849932008         -0.74428517341773      1
    -0.18901207373432         -0.13478596797915         -0.76060904976353      1
     0.50228880685335         -0.32044667622813         -0.46493428670623      1
     0.34510107567719         -0.19704700489592         -0.59147444026925      1
     0.30026393354269        0.0016748340311628         -0.42465306406693      1
     0.59923056046893         -0.14589043745662         -0.51612750433618      1
     0.45745166471886         -0.12172483730105         -0.29811291050391      1
     0.63183820173026          0.17348719638319          0.29371014273969      1
     0.50920525214425          0.27295710638949          0.47897255931195      1
   -0.027804735332492          0.43984356598669         -0.60596152961965      1
    0.087555103778739          0.24649810136397         -0.66505509948856      1
     0.21568036145981          0.42111731437312         -0.59172402025903      1
     0.17425970643202          0.12513747960101         -0.42666892077047      1
    0.058899867320786          0.31848294422374         -0.36757535090156      1
    -0.19057967073565         -0.69286452291795          0.13704387062701      1
    -0.15342013072314         -0.42769202726714        -0.001187291693154      1
    -0.12176665219157         -0.72130866632085        -0.098263894380638      1
    -0.30536330559019         -0.69880562161061         -0.01876373797572      1
    -0.26820376557768          -0.4336331259598         -0.15699490029588      1
    -0.33701678412175          -0.4051889825569         0.078312864711765      1
    -0.38855307289444          0.50596484781866         -0.41094688713619      1
    -0.43038673336281          0.63502250809884         -0.29069305636564      1
    0.096572768958845          0.66844256492868         -0.27644781940544      1
   -0.062078154239374          0.41881804729714         -0.20149529857925      1
   -0.025934306273292          0.58683371346886         -0.45676538108836      1
     0.21755079051901          0.56810746185528         -0.44252787172775      1
     0.18140694255292          0.40009179568356         -0.18725778921863      1
    -0.42095985411411         -0.13809912691435         -0.66129088336896      1
   -0.040138136120589         -0.14570127146843          0.71361556738906      1
   -0.072794261996958         0.015079260544566           0.7412987267319      1
    0.075001737858613        -0.056557570202069          0.79548735701302      1
    0.042345611982244          0.10422296181093          0.82317051635585      1
   -0.030448650014714          0.11930222235549          0.56446924308775      1
    0.018376010485121         -0.35901038316724           0.7401125588103      1
       0.052283822837         -0.11523582186694          0.41927626784885      1
   -0.087074377388205         -0.18315059060968          0.50909444488503      1
     0.48340542272647         -0.22096804897218          0.51470229306224      1
     -0.2848982931244         -0.23807597351618         -0.72726534776549      1
     0.18722632995211         -0.17103317027722         -0.69905495206215      1
     0.34441406112828         -0.29443284160943         -0.57251479849913      1
    0.024616871887497         -0.76948556055939         0.046451403469678      1
  -0.0070366066440669         -0.47586892150568          0.14352800615716      1
    0.061776411900009         -0.50431306490858        -0.091779758850484      1
     0.10335256543783         0.076970112334464          -0.7329173228965      1
      0.2314778231189          0.25158932534361         -0.65958624366697      1
     0.31695985052171        -0.024740866704067         -0.65450849718747      1
     0.57108933531345          0.02641570073523          -0.5791615612544      1
    -0.06776796674166          0.71589137374903         -0.33651155031781      1
    -0.10391181470774          0.54787570757732        -0.081241467808702      1
     0.40119248205654          0.19172027177312         -0.17769443984502      1
     0.54755804606676          0.44012675426354         -0.26967537938729      1
     0.64636556401022          0.33209033342649        -0.094031977691363      1
     0.52719670916721         0.068257626203264         -0.17567858314148      1
     0.67356227317744          0.31666410869369         -0.26765952268374      1
     0.42838919122376          0.17629404704031          -0.3513219848374      1
   -0.035133712759093           0.1101843785208         -0.72792031670318      1
    -0.15049355187032          0.30352984314353         -0.66882674683427      1
     0.60826961340088          0.51775535097005        -0.054817159558479      1
     0.46190404939065          0.26934886847963         0.037163779983785      1
      0.3630965314472          0.37738528931668         -0.13847962171214      1
    -0.37052590249594          0.37915567012971         -0.54903278153927      1
     0.31101815659965         -0.28693941151519          0.61489298973898      1
     0.17165995637445         -0.35485418025793          0.70471116677516      1
     0.18025495555164         -0.14814053803628         -0.12345984643698      1
    0.023067224375475        -0.024740866704067                     -0.25      1
     0.15119248205654          0.14987834630508         -0.17666892077047      1
     0.33144743760818        0.0017378082688005         -0.30012876720745      1
   -0.072794261996957         0.015079260544566           0.2412987267319      1
    -0.27150301403714        -0.051957767159031         0.069934641921947      1
     -0.3442972760341        -0.036878506614465          0.31123336865385      1
    -0.31006748660176          0.10505580216828          0.43002008807434      1
    -0.50877623864195         0.038018774464682          0.25865600326438      1
    -0.23727322460481         0.089976541623713          0.18872136134244      1
     0.53222446574587         -0.28252350529402          0.42508970292602      1
                 0.25         0.041841925468034       -0.0010255190745498      1
     0.43025495555164         -0.10629861256825         -0.12448536551153      1
      0.6745816589292           -0.314169116682          0.29672326271317      1
    -0.15041353414844         0.062681437983278          0.73293810808145      1
    -0.22981629184468          0.11268992467763          0.70585899234875      1
   -0.035273660169237          0.15182513924964           0.8148098977054      1
    -0.11467641786548          0.20183362594399          0.78773078197271      1
    -0.47099567612152          0.09992313832987         0.084967229778628      1
    -0.19949266208438           0.1518809054889         0.015032587856681      1
    -0.43676588668919          0.24185744711261          0.20375394919912      1
     0.70123344146455           0.1888850878714          0.15634884254284      1
     0.57860049187853           0.2883549978777           0.3416112591151      1
    -0.04377825948586          0.47191284624029          0.16634338719304      1
    -0.12651564027371          0.70900330631133          0.27580713960708      1
   -0.022308459795086          0.73751735882801          0.08828601551771      1
    -0.18664919549559          0.78496616764836         0.028222284605333      1
    -0.20811899518636          0.51936165506065          0.10627965628067      1
     0.57686270294655          0.33795154608408         -0.35951676618393      1
     0.70286693005722          0.21448890051423         -0.35750090948038      1
    -0.11111657463361         -0.19962394193212          0.11706023665725      1
    -0.18391083663056         -0.18454468138756          0.35835896338915      1
    -0.38261958867075         -0.25158170909115          0.18699487857919      1
     0.31133965114621          0.59315655974762         -0.34357401272321      1
     0.43292823424947          0.55178266610047         -0.27205174766343      1
     0.49363980158358          0.62941126280699         -0.05719352783462      1
     0.37205121848033          0.67078515645414         -0.12871579289441      1
     0.72552825814758         0.041841925468034          0.15348297811292      1
     0.74296353616486         -0.16196069379948          0.20411959809158      1
      0.6631374908552          0.37455010541496          0.19556366067572      1
     0.33927109980464          0.36881877848593          0.22242619655605      1
     0.19036162958605          0.69349166282102          -0.1774939604009      1
     0.24211850988704          0.47772039239008         0.027600430610172      1
    -0.24913338715574         -0.66084729411887          0.25205793611486      1
    -0.12214927288758         -0.66912707753901          0.28865593947214      1
    -0.36607625769667         -0.62966513641843          0.12481465843922      1
    -0.48085989255121         -0.63560623511109        -0.030992950163509      1
        0.67567022089          0.22991512524703           -0.183873364488      1
   -0.094443637577904         -0.55696107804123         -0.49122314585259      1
 -0.00099321091228621         -0.49574049954916         -0.60511261467562      1
    -0.15676827112761         -0.37402807008623          -0.3845714046962      1
    -0.16660479652645         -0.47485297745742         -0.63929949384799      1
    -0.66394305745355         -0.21813359927182         -0.23424209398132      1
    -0.67176424570176        -0.098946489982278         -0.31157961338841      1
    -0.61862259763018         -0.19256696186161         -0.37981973637087      1
     0.36053445667342          0.27420144320697         -0.61338359334312      1
     0.23240919899235          0.09958223019782         -0.68671467257265      1
     0.48653868378409          0.15073879763712         -0.61136773663957      1
    -0.38970384687916          0.58812398094936          0.30365837185147      1
    -0.27348538206662          0.37358030235071          0.19196484349789      1
     -0.5152037889813          0.51830548957646          0.14175870406694      1
    -0.44983740210104          0.66408684228639         0.056073516849724      1
   -0.045665536044307         -0.38038700917501         -0.70256995734778      1
    -0.20444089054996        -0.043592745786921         -0.14262741679656      1
     -0.4759439045871        -0.095550512945952        -0.072692774874614      1
     -0.4303411000381          -0.2491577864117         -0.18137478874204      1
    -0.49740322352529         -0.25752280778381         0.031187269976466      1
    -0.22590020948814         -0.20556504062478        -0.038747371945482      1
    -0.25608136817892          0.68312109485187          0.23965179663018      1
    -0.31621492340081           0.7590839561889       -0.0079330583715585      1
    -0.27006820594247        0.0029220398764904          0.70057554198149      1
    -0.59122595755719          0.44577041094312        -0.085833579919652      1
    -0.71661512003922          0.34788929447299          -0.1606269415154      1
    0.030214460496381          0.25021344937848        -0.010588868448163      1
   -0.092292614735756          0.16860459791866         -0.19090643013109      1
    0.021685636328533          0.79197243374483          0.24190712944263      1
     0.10442301711638          0.55488197367379          0.13244337702859      1
   0.0002158366377587          0.52636792115711          0.31996450111796      1
    -0.46514026974116         -0.49894808539801           0.3043361839671      1
    -0.46483461132192         -0.54642074500865          0.18499791322384      1
     -0.3753178859752         -0.59420360454965          0.27359955099719      1
     0.11550958266199         -0.67470155445755         -0.27828988992061      1
     0.33806809430317         -0.59477400715881         -0.28350220800719      1
     0.12948988539679          0.73467806860167        -0.084334530908922      1
     0.10015798098984          0.74324608428648         0.034430292546444      1
     0.24021068436434          0.70397241862645        -0.012682618247267      1
     -0.2972632391526         -0.65810927982133         -0.11049310656843      1
    0.093047269735569         -0.74574811518044          0.19806347231481      1
    -0.28240598414187        -0.086519893684752           0.4728883623981      1
    -0.32072829677852         -0.30122309616144          0.34864987232345      1
    -0.48111473618206         -0.15355692138835          0.30152427758815      1
    -0.79220517971821        -0.001353955176583         -0.22871297033091      1
    -0.78438399146999         -0.12054106446613         -0.15137545092382      1
     -0.6255267091447         -0.35128191062492           0.2572105892318      1
    -0.56363541725247         -0.40092329769521          0.41886558297605      1
     0.15758151091037          0.39152528485282          0.17364802904955      1
     0.12736705041399          0.14131183547434          0.18423689749771      1
     0.21190404939065           0.2275069430116         0.038189299058334      1
     0.12507808483396          -0.1303150824115          0.17797754111695      1
    0.054572788417027           0.1563910960189          0.42553562422961      1
      0.3053330403856         -0.27845562044778         0.054517694679972      1
     0.26743527801729         -0.16196069379948         0.049611100904104      1
     0.44769023356893         -0.31010123183576        -0.073848745532875      1
    -0.40393355263433          0.10828815970198         -0.12759482893988      1
     -0.5799239045957         -0.50488918409067          0.14852857536437      1
    0.025596127352389          0.72792842713544         -0.15812554533104      1
    -0.13874460834812          0.77537723595579         -0.21818927624341      1
      -0.169278201588          0.40209435486738        0.0044437194085186      1
    0.025645079346824          0.74871102145182        -0.049050425786533      1
     0.10407996798954         -0.27624497957356         0.026467769499916      1
      0.2291580528235         -0.40656006198506          0.20444531061687      1
     0.28433492354118         -0.42438551760984        -0.096992076937063      1
   -0.073992719982241          0.22169939686181           0.1769322556412      1
    0.053374330431744          0.36301123233614          0.36116915313892      1
    -0.61082426918765         -0.45911333116454         -0.23251716481532      1
    -0.68540237639173         -0.38010589410968         -0.13036204913024      1
    -0.64008191656837         -0.35453925669947         -0.27593969151979      1
    -0.55078203405455         -0.15156525160601        -0.098508145684545      1
     0.26189310674106         -0.72287844869608         -0.13357459207029      1
    -0.13869565635368          0.79615983027218         -0.10911415669891      1
   -0.035040935082671         -0.71746328070878         -0.22042187484301      1
      0.1113425889964         -0.76564017494731        -0.075706576992694      1
   -0.025312813645218         -0.66773298676113          0.43939142096803      1
    -0.12539669002485         -0.39785379308637          0.38485595481038      1
    0.089799852598293          -0.4744748307278          0.29426348765305      1
    -0.73100518094073         -0.22649862064393        -0.021680035262812      1
    -0.59638483860355        0.0020420218597437         0.010173868182883      1
     -0.1467869819792          0.23677865740637           0.4182309823731      1
    -0.55298435150173          0.45640112571127           0.3154474775527      1
    -0.31126594458705          0.31167593848552          0.36565361698364      1
    -0.57961824617646         -0.55236184370131         0.029190304621115      1
    -0.49010152082974         -0.60014470324231          0.11779194239446      1
    -0.61594567695692        -0.052374379070342         -0.42650537240608      1
    -0.73638661097336         0.045218155735353         -0.34363872934858      1
     0.61813608353055         -0.28075966487323          -0.3251335555736      1
      0.7053164059962         -0.29457982063643         -0.15206260823252      1
     0.71507783714613         -0.10620342610172         -0.37632677320355      1
      0.5446319871845         -0.13554499306425         -0.12504196316282      1
    -0.31008279916567           0.1638503327352          0.65549833828119      1
     0.37151524600683         -0.43820567337304         0.076078870404021      1
    -0.24674444663949         -0.27166083112194         -0.26087494514696      1
   -0.042303556089531         -0.22806808533502          -0.1182475283504      1
      0.2045429473787          0.38239587579753          0.70567784218699      1
     0.28956438581044          0.41948474946094          0.56674422332885      1
     0.20157560703398          0.44598035976964          0.32726914297447      1
     0.23640589201645          0.58284143828191          0.52553957130789      1
     0.11655416860224          0.40889148610623          0.46620276183261      1
     0.60012351721844         -0.39242295166547         -0.24193555413839      1
     0.68730383968409         -0.40624310742867        -0.068864606797302      1
     0.41713814623298          0.33021236146833           0.5452760966258      1
     0.33211670780124          0.29312348780492          0.68420971548394      1
    -0.13710377490345        -0.056880398688404          0.73189641730209      1
     0.14274183393718         -0.68027925562636          0.31846359805905      1
    0.024381750556391         -0.60226412720705          0.55979154671227      1
    -0.56661715340703          0.49077053018208          0.03435692863192      1
    -0.50125076652678          0.63655188289202        -0.051328258585301      1
     0.01396151020035         -0.32993902434363           0.2950377777742      1
    -0.13680580904995          0.55450109670375         -0.50571187442543      1
    -0.17863946951832          0.68355875698393         -0.38545804365488      1
    -0.17620734936376         -0.69103891669543         -0.25139325098625      1
      0.4019399339791         -0.59246029077849         -0.18207492694292      1
     0.32576494641699         -0.72056473231577        -0.032147311006027      1
     0.50554327547927         -0.50426526614624         -0.25522739535274      1
     0.42936828791717         -0.63236970768351         -0.10529977941585      1
     0.74711653260044         -0.30303067744443         0.047340921187682      1
     0.72968125458315        -0.099228058176919       -0.0032956987909713      1
     0.75687796375037         -0.11465428290972         -0.17692324378335      1
    0.042640255882587          0.42558099595027          0.70622263693355      1
    0.074503200520343          0.62602655843465          0.52608436605445      1
    -0.66176266245188          -0.4466015960723         0.005130880463132      1
    -0.57613418670697          0.40382698542712          0.22637197068378      1
    -0.61391474922739          0.34192262156193          0.40006074416953      1
      0.4122340971569         -0.48810447481311         -0.40737920039385      1
      -0.519928889242         -0.26965691592463         -0.45784529963514      1
    -0.54138820818019         -0.43162921076249         -0.35396525478406      1
    -0.42995271373012         -0.37202415488892         -0.58154175918438      1
    -0.34036492452622         -0.35152502537599         -0.30507124829128      1
    -0.35980400276237         -0.66853587198519         -0.17189309458133      1
    -0.70736546700088         -0.29299432260655          0.11381289433056      1
    -0.31128125715095          0.37047046905244          0.59113186719049      1
    -0.47456176177352          0.23874761381435          0.60292097289173      1
     -0.5580942626005         -0.15505670022668         -0.47804518510637      1
     -0.2739212350514         -0.17355881346229          0.72218732623639      1
   -0.078589628297736         -0.27018951038722          0.75839340872333      1
    -0.22389183753616         -0.29982900538357          0.49938535381934      1
    0.023067224375475        -0.024740866704067                     -0.75      1
     0.31962381625926          0.51016666280521         -0.47969237638438      1
      0.4871793878434          0.42036996797147          0.39078384257508      1
     0.57171638682007          0.50656507550873           0.2447362441357      1
    -0.24643600700336          0.64372998872236          0.38224541229509      1
    -0.75542692423272         -0.16826080627875           0.1178016684908      1
    -0.77074773102204        -0.070998993650419         0.050132009360135      1
    -0.66228576335674          0.33584533647438          0.28312939925404      1
    -0.62450520083631          0.39774970033957          0.10944062576828      1
    -0.74989436331833          0.29986858386944          0.03464726417254      1
    -0.56215504917121          0.14397633064249          0.12896058760337      1
    -0.36216824582176         -0.52911873186178          0.39707138251191      1
    -0.46066339333307         -0.43109394415898          0.51160078152087      1
    -0.46811808708862         -0.25742393919098         -0.60174164465561      1
    -0.50509708370186          0.38609525230784           0.4896932698009      1
     0.52364622708608          0.54484442922041         -0.19009502912122      1
    -0.29790493907792         -0.48633592454125          0.48162346291102      1
    -0.39640008658923         -0.38831113683844          0.59615286191998      1
     0.14415207711346           0.7977011592033          0.18805140647136      1
     0.28420478048795          0.75842749354327          0.14093849567765      1
     0.41371561619583         -0.30953656357575          0.54481270325196      1
    -0.24901396476784         -0.60390215112345          0.37695144344812      1
    0.027799114278198         -0.12668099085391         -0.73947504564203      1
    -0.10973282513535         -0.24790010890105         -0.75579892198783      1
     0.17757572156295        -0.024740866704067         -0.72552825814758      1
     0.46293465975197          0.46721583251389         -0.40495324895002      1
    -0.39235756595746         0.017989110797376          0.62583848739827      1
    -0.52917502610542        -0.098689303976508          0.61612939633257      1
    -0.40688566609043         -0.11375637489739           0.6908664509158      1
     0.21083811585108           0.2444984626658          0.77254014149748      1
    -0.68722402838397          0.20981033586976          0.37088649504009      1
    -0.72145381781631         0.067876027087014           0.2520997756196      1
    -0.77483262834556          0.17383358326482          0.12240435995859      1
   -0.031647107999997          0.32592235867273          0.50010277199706      1
   -0.073698076081898          0.54305743100115           0.5599843762189      1
     -0.3418165790793          0.51781810754594          0.47790416409967      1
    -0.19912712297079          0.41342794366766         -0.61357405040315      1
    -0.55683652856531         0.092886391876523          0.57326112200881      1
    -0.44688494674972        -0.011622612605605          0.42031099700864      1
     0.25087948151947         -0.70617765847753          0.23529256313761      1
     0.13251939813868         -0.62816253005822          0.47662051179083      1
     0.27187759836388         -0.56024776131548          0.38680233475465      1
   -0.043700081222892         -0.66400036872354         -0.36311707324568      1
   -0.033212941565584           0.2766007574902          0.78639486863293      1
    -0.82412654155129         0.034958562527386        -0.079563406300876      1
    -0.15217750552548         -0.60250806034558          0.52768692494401      1
    -0.52585957067694          0.59155176365306         -0.17151876713687      1
    -0.26296579971863          0.77735846136671         -0.12802793891685      1
    -0.76004536365674        -0.062381549325782          0.17584836810278      1
    -0.81342417418599         0.043576006852024         0.046152952441769      1
     0.72552825814758         0.041841925468034         -0.15553401626202      1
                 0.75         0.041841925468034       -0.0010255190745494      1
     0.72336175949771          0.20030023381622        -0.029654336036868      1
     0.68526580888836          0.38596525135979        0.0095604820960159      1
    -0.42182925370412          0.70413991952869         -0.11540644837989      1
    -0.32319629554847         -0.59266126050627         -0.31362174757547      1
    -0.18106685812358         -0.62590129053512         -0.38745653051938      1
    -0.39535745449701         -0.51055315992246         -0.46169809557087      1
    -0.25322801707213         -0.54379318995131         -0.53553287851478      1
     0.73889932871933          0.11011485445511         0.078449342015673      1
     0.30707371507261         -0.44080347130474          0.52507198206425      1
     0.16771551484741         -0.50871824004749          0.61489015910043      1
     0.46051094625803         -0.38401016775952          0.44839129658645      1
     0.75272496731479          0.02641570073523          -0.3291615612544      1
    -0.50679294894708         -0.57015821579603         -0.23412159117055      1
     0.36290304803478         -0.63715169015709          0.25615660138269      1
      0.3839011648792         -0.49122179299503          0.40766637299972      1
     0.52625835806253         -0.52286740438301          0.27929993278687      1
    -0.44879649159223         -0.24252373691784          0.64743925759521      1
    -0.25346488483856         -0.33915443384277          0.68364534008215      1
     0.42190027325861          0.68126591225956          0.03609554925923      1
     0.28611260601065           0.5321754673069          0.18122154453509      1
    -0.36687729112478         -0.31204881027179         -0.66469856614231      1
    -0.81454695024825          0.15495968519407        -0.053830844965647      1
    -0.70698753471627         -0.20101554668898          0.26521651668372      1
    -0.64509624282404         -0.25065693375926          0.42687151042797      1
     0.60286813944136          -0.4156557791475           0.3200248563736      1
     0.59272359794492         -0.51808542190944         -0.08215644801166      1
    -0.21937935044564          0.54052202734085          0.53360417488482      1
    -0.10304101848116          0.42304559228997          0.67984243559947      1
       0.378934396363          0.40551919309365         -0.54106071255681      1
     0.63460753159881          0.49041330861486         0.085114868361018      1
    -0.30637877092828         -0.44827984038581         -0.61528189680219      1
    -0.20106847983556         -0.48494183376337          0.63235894440691      1
      0.1758579803124           0.7083178166513          0.42004243201058      1
    -0.79187016183215          0.13342273832952         -0.21980416779377      1
     0.53686608983508         -0.41719746190035         -0.34804139204099      1
     0.63841294683006         -0.45982571329692          0.20340316637576      1
    -0.65331404587311          0.34403450202915        -0.069366150005461      1
    -0.77870320835514          0.24615338555903         -0.14415951160121      1
     0.38631581803331         -0.68424625111212         0.088740455109186      1
     0.21379816342046         -0.76368748207896         0.045486821596439      1
    -0.69452634227512        -0.049404212170508          0.33647683956312      1
   -0.092358200088071           0.6502747087262          0.43380948546282      1
     0.05584307651417          0.73324383615969          0.39990947529837      1
    -0.66029655284278         0.092530096612235          0.45526355898361      1
     0.49411351836349          0.30142909796341         -0.50748236144356      1
     0.62011774547416          0.17796645239356         -0.50546650474001      1
    -0.63263505038289        -0.099045599240796          0.49813183330737      1
     0.54967112806106         -0.56996196533804          0.11188378651337      1
   -0.089299918869568         -0.53842566613724          0.62645828457752      1
     0.23862627539839          0.75175791091063          0.29494634662489      1
    -0.22492976639289         -0.37494419349977         -0.69686273007793      1
     -0.2869862360732           0.5084183683472         -0.50174560918941      1
    -0.32881989654157          0.63747602862738         -0.38149177841886      1
     0.75055846866492          0.18487400908342         -0.20328188102925      1
     0.34354396228989           0.7033838092839          0.27899018297619      1
     0.48123945506055          0.62622222800019          0.17414723655777      1
     0.37632176816904          0.67459632962692          0.19010340020647      1
   -0.091576022229152         -0.44355718860818           0.6965612021696      1
    0.095236815456572          0.31788091481165           0.7721168379964      1
     0.12162173519509          0.77473351677286          0.30671148467489      1
     -0.3067154992864          0.72721102835841         -0.25959918912886      1
     0.36300009944108          0.49413638692117          0.44879672457381      1
      0.3098416056471          0.65749307574214          0.40759207255285      1
     0.44753709841775          0.58033149445843          0.30274912613443      1
      0.6728130632497         -0.45451913007988         0.058466189906085      1
     0.71514028837192         -0.35164156617821          0.16615032330157      1
    -0.51004161756517         -0.32304257815872          0.56431277573343      1
     0.04605162725832         -0.49259590358557          0.66743143728353      1
     -0.5664857920321         -0.20290697441633          0.56681735500205      1
     0.08380655683464          0.19598414598944           0.8129264506028      1
     -0.6122722571786         -0.51602660210982         -0.10455208001228      1
     0.55442397421022           0.5911720304041         0.058872754122775      1
     0.68170520635469          0.02641570073523         -0.46854569021317      1
     0.70139344838837          0.11583782928321         -0.42377313423409      1
    -0.57798197032319          0.23432857538598          0.52499512026469      1
    -0.19494292518647          0.25299403400156          0.73737012790514      1