 636 633 639 638 1
 636 611 637 641 1
 637 16 638 640 1
 639 616 641 640 1
 637 640 639 641 1
 637 639 636 641 1
 639 640 637 638 1
 636 639 637 638 1
 642 625 645 644 1
 642 622 643 647 1
 643 26 644 646 1
 645 609 647 646 1
 643 646 645 647 1
 643 645 642 647 1
 645 646 643 644 1
 642 645 643 644 1
 643 26 648 644 1
 643 622 642 650 1
 642 625 644 649 1
 648 630 650 649 1
 642 649 648 650 1
 642 648 643 650 1
 648 649 642 644 1
 643 648 642 644 1
 645 625 653 652 1
 645 609 651 655 1
 651 48 652 654 1
 653 629 655 654 1
 651 654 653 655 1
 651 653 645 655 1
 653 654 651 652 1
 645 653 651 652 1
 656 18 658 657 1
 656 616 641 660 1
 641 611 657 659 1
 658 621 660 659 1
 641 659 658 660 1
 641 658 656 660 1
 658 659 641 657 1
 656 658 641 657 1
 264 49 662 661 1
 264 48 651 654 1
 651 609 661 655 1
 662 629 654 655 1
 651 655 662 654 1
 651 662 264 654 1
 662 655 651 661 1
 264 662 651 661 1
 516 114 665 664 1
 516 83 663 667 1
 663 622 664 666 1
 665 620 667 666 1
 663 666 665 667 1
 663 665 516 667 1
 665 666 663 664 1
 516 665 663 664 1
 664 114 665 669 1
 664 622 668 666 1
 668 612 669 670 1
 665 620 666 670 1
 668 670 665 666 1
 668 665 664 666 1
 665 670 668 669 1
 664 665 668 669 1
 637 16 671 638 1
 637 611 636 673 1
 636 633 638 672 1
 671 619 673 672 1
 636 672 671 673 1
 636 671 637 673 1
 671 672 636 638 1
 637 671 636 638 1
 661 49 662 675 1
 661 609 674 655 1
 674 635 675 676 1
 662 629 655 676 1
 674 676 662 655 1
 674 662 661 655 1
 662 676 674 675 1
 661 662 674 675 1
 674 635 677 675 1
 674 609 661 679 1
 661 49 675 678 1
 677 628 679 678 1
 661 678 677 679 1
 661 677 674 679 1
 677 678 661 675 1
 674 677 661 675 1
 652 48 651 262 1
 652 625 680 645 1
 680 32 262 681 1
 651 609 645 681 1
 680 681 651 645 1
 680 651 652 645 1
 651 681 680 262 1
 652 651 680 262 1
 516 114 664 517 1
 516 83 512 663 1
 512 85 517 682 1
 664 622 663 682 1
 512 682 664 663 1
 512 664 516 663 1
 664 682 512 517 1
 516 664 512 517 1
 17 18 656 657 1
 17 16 637 640 1
 637 611 657 641 1
 656 616 640 641 1
 637 641 656 640 1
 637 656 17 640 1
 656 641 637 657 1
 17 656 637 657 1
 683 20 685 684 1
 683 621 659 687 1
 659 611 684 686 1
 685 631 687 686 1
 659 686 685 687 1
 659 685 683 687 1
 685 686 659 684 1
 683 685 659 684 1
 688 31 689 271 1
 688 622 643 650 1
 643 26 271 648 1
 689 630 650 648 1
 643 648 689 650 1
 643 689 688 650 1
 689 648 643 271 1
 688 689 643 271 1
 666 622 692 691 1
 666 620 690 694 1
 690 116 691 693 1
 692 632 694 693 1
 690 693 692 694 1
 690 692 666 694 1
 692 693 690 691 1
 666 692 690 691 1
 695 101 696 220 1
 695 633 638 639 1
 638 16 220 640 1
 696 616 639 640 1
 638 640 696 639 1
 638 696 695 639 1
 696 640 638 220 1
 695 696 638 220 1
 697 57 699 698 1
 697 609 647 701 1
 647 622 698 700 1
 699 610 701 700 1
 647 700 699 701 1
 647 699 697 701 1
 699 700 647 698 1
 697 699 647 698 1
 702 68 705 704 1
 702 624 703 707 1
 703 612 704 706 1
 705 617 707 706 1
 703 706 705 707 1
 703 705 702 707 1
 705 706 703 704 1
 702 705 703 704 1
 266 102 709 708 1
 266 49 661 678 1
 661 609 708 679 1
 709 628 678 679 1
 661 679 709 678 1
 661 709 266 678 1
 709 679 661 708 1
 266 709 661 708 1
 710 162 713 712 1
 710 627 711 714 1
 711 609 712 701 1
 713 610 714 701 1
 711 701 713 714 1
 711 713 710 714 1
 713 701 711 712 1
 710 713 711 712 1
 644 26 648 258 1
 644 625 680 649 1
 680 32 258 715 1
 648 630 649 715 1
 680 715 648 649 1
 680 648 644 649 1
 648 715 680 258 1
 644 648 680 258 1
 716 24 718 164 1
 716 626 717 720 1
 717 1 164 719 1
 718 621 720 719 1
 717 719 718 720 1
 717 718 716 720 1
 718 719 717 164 1
 716 718 717 164 1
 718 24 721 165 1
 718 621 683 687 1
 683 20 165 685 1
 721 631 687 685 1
 683 685 721 687 1
 683 721 718 687 1
 721 685 683 165 1
 718 721 683 165 1
 659 611 686 722 1
 659 621 720 687 1
 720 626 722 723 1
 686 631 687 723 1
 720 723 686 687 1
 720 686 659 687 1
 686 723 720 722 1
 659 686 720 722 1
 680 32 681 258 1
 680 625 644 645 1
 644 26 258 646 1
 681 609 645 646 1
 644 646 681 645 1
 644 681 680 645 1
 681 646 644 258 1
 680 681 644 258 1
 17 18 657 222 1
 17 16 223 637 1
 223 163 222 724 1
 657 611 637 724 1
 223 724 657 637 1
 223 657 17 637 1
 657 724 223 222 1
 17 657 223 222 1
 716 24 721 718 1
 716 626 720 723 1
 720 621 718 687 1
 721 631 723 687 1
 720 687 721 723 1
 720 721 716 723 1
 721 687 720 718 1
 716 721 720 718 1
 19 20 683 684 1
 19 18 657 658 1
 657 611 684 659 1
 683 621 658 659 1
 657 659 683 658 1
 657 683 19 658 1
 683 659 657 684 1
 19 683 657 684 1
 271 31 689 272 1
 271 26 273 648 1
 273 30 272 725 1
 689 630 648 725 1
 273 725 689 648 1
 273 689 271 648 1
 689 725 273 272 1
 271 689 273 272 1
 691 116 690 193 1
 691 622 726 666 1
 726 84 193 727 1
 690 620 666 727 1
 726 727 690 666 1
 726 690 691 666 1
 690 727 726 193 1
 691 690 726 193 1
 704 68 728 702 1
 704 612 703 730 1
 703 624 702 729 1
 728 618 730 729 1
 703 729 728 730 1
 703 728 704 730 1
 728 729 703 702 1
 704 728 703 702 1
 698 57 699 441 1
 698 622 731 700 1
 731 109 441 732 1
 699 610 700 732 1
 731 732 699 700 1
 731 699 698 700 1
 699 732 731 441 1
 698 699 731 441 1
 733 6 734 191 1
 733 622 691 692 1
 691 116 191 693 1
 734 632 692 693 1
 691 693 734 692 1
 691 734 733 692 1
 734 693 691 191 1
 733 734 691 191 1
 712 162 735 710 1
 712 609 711 679 1
 711 627 710 736 1
 735 628 679 736 1
 711 736 735 679 1
 711 735 712 679 1
 735 736 711 710 1
 712 735 711 710 1
 737 633 740 739 1
 737 610 738 742 1
 738 66 739 741 1
 740 632 742 741 1
 738 741 740 742 1
 738 740 737 742 1
 740 741 738 739 1
 737 740 738 739 1
 743 64 744 279 1
 743 622 698 647 1
 698 57 279 697 1
 744 609 647 697 1
 698 697 744 647 1
 698 744 743 647 1
 744 697 698 279 1
 743 744 698 279 1
 738 66 745 739 1
 738 610 737 747 1
 737 633 739 746 1
 745 623 747 746 1
 737 746 745 747 1
 737 745 738 747 1
 745 746 737 739 1
 738 745 737 739 1
 263 25 748 259 1
 263 48 262 651 1
 262 32 259 681 1
 748 609 651 681 1
 262 681 748 651 1
 262 748 263 651 1
 748 681 262 259 1
 263 748 262 259 1
 726 84 727 514 1
 726 622 663 666 1
 663 83 514 667 1
 727 620 666 667 1
 663 667 727 666 1
 663 727 726 666 1
 727 667 663 514 1
 726 727 663 514 1
 227 40 750 749 1
 227 20 684 685 1
 684 611 749 686 1
 750 631 685 686 1
 684 686 750 685 1
 684 750 227 685 1
 750 686 684 749 1
 227 750 684 749 1
 751 634 753 752 1
 751 620 666 754 1
 666 622 752 700 1
 753 610 754 700 1
 666 700 753 754 1
 666 753 751 754 1
 753 700 666 752 1
 751 753 666 752 1
 755 626 758 757 1
 755 634 756 760 1
 756 608 757 759 1
 758 613 760 759 1
 756 759 758 760 1
 756 758 755 760 1
 758 759 756 757 1
 755 758 756 757 1
 215 16 637 223 1
 215 121 225 761 1
 225 163 223 724 1
 637 611 761 724 1
 225 724 637 761 1
 225 637 215 761 1
 637 724 225 223 1
 215 637 225 223 1
 762 634 753 751 1
 762 633 763 737 1
 763 620 751 754 1
 753 610 737 754 1
 763 754 753 737 1
 763 753 762 737 1
 753 754 763 751 1
 762 753 763 751 1
 215 16 671 637 1
 215 121 761 764 1
 761 611 637 673 1
 671 619 764 673 1
 761 673 671 764 1
 761 671 215 764 1
 671 673 761 637 1
 215 671 761 637 1
 765 143 767 572 1
 765 626 766 720 1
 766 122 572 768 1
 767 621 720 768 1
 766 768 767 720 1
 766 767 765 720 1
 767 768 766 572 1
 765 767 766 572 1
 769 635 771 770 1
 769 608 756 759 1
 756 634 770 760 1
 771 613 759 760 1
 756 760 771 759 1
 756 771 769 759 1
 771 760 756 770 1
 769 771 756 770 1
 772 115 773 224 1
 772 633 695 639 1
 695 101 224 696 1
 773 616 639 696 1
 695 696 773 639 1
 695 773 772 639 1
 773 696 695 224 1
 772 773 695 224 1
 754 620 694 763 1
 754 610 737 742 1
 737 633 763 740 1
 694 632 742 740 1
 737 740 694 742 1
 737 694 754 742 1
 694 740 737 763 1
 754 694 737 763 1
 181 64 743 279 1
 181 109 441 731 1
 441 57 279 698 1
 743 622 731 698 1
 441 698 743 731 1
 441 743 181 731 1
 743 698 441 279 1
 181 743 441 279 1
 774 627 736 776 1
 774 615 775 778 1
 775 92 776 777 1
 736 628 778 777 1
 775 777 736 778 1
 775 736 774 778 1
 736 777 775 776 1
 774 736 775 776 1
 322 37 780 779 1
 322 66 738 741 1
 738 610 779 742 1
 780 632 741 742 1
 738 742 780 741 1
 738 780 322 741 1
 780 742 738 779 1
 322 780 738 779 1
 755 626 757 782 1
 755 634 781 756 1
 781 624 782 783 1
 757 608 756 783 1
 781 783 757 756 1
 781 757 755 756 1
 757 783 781 782 1
 755 757 781 782 1
 396 65 786 785 1
 396 130 784 787 1
 784 610 785 747 1
 786 623 787 747 1
 784 747 786 787 1
 784 786 396 787 1
 786 747 784 785 1
 396 786 784 785 1
 638 16 671 15 1
 638 633 788 672 1
 788 14 15 789 1
 671 619 672 789 1
 788 789 671 672 1
 788 671 638 672 1
 671 789 788 15 1
 638 671 788 15 1
 183 6 733 191 1
 183 84 193 726 1
 193 116 191 691 1
 733 622 726 691 1
 193 691 733 726 1
 193 733 183 726 1
 733 691 193 191 1
 183 733 193 191 1
 236 40 750 227 1
 236 24 165 721 1
 165 20 227 685 1
 750 631 721 685 1
 165 685 750 721 1
 165 750 236 721 1
 750 685 165 227 1
 236 750 165 227 1
 639 633 746 772 1
 639 616 773 791 1
 773 115 772 790 1
 746 623 791 790 1
 773 790 746 791 1
 773 746 639 791 1
 746 790 773 772 1
 639 746 773 772 1
 714 627 793 792 1
 714 610 784 747 1
 784 130 792 787 1
 793 623 747 787 1
 784 787 793 747 1
 784 793 714 747 1
 793 787 784 792 1
 714 793 784 792 1
 461 70 794 460 1
 461 63 458 795 1
 458 68 460 702 1
 794 624 795 702 1
 458 702 794 795 1
 458 794 461 795 1
 794 702 458 460 1
 461 794 458 460 1
 381 68 705 702 1
 381 69 796 797 1
 796 624 702 707 1
 705 617 797 707 1
 796 707 705 797 1
 796 705 381 797 1
 705 707 796 702 1
 381 705 796 702 1
 798 37 780 322 1
 798 633 739 740 1
 739 66 322 741 1
 780 632 740 741 1
 739 741 780 740 1
 739 780 798 740 1
 780 741 739 322 1
 798 780 739 322 1
 375 114 800 669 1
 375 104 799 802 1
 799 612 669 801 1
 800 630 802 801 1
 799 801 800 802 1
 799 800 375 802 1
 800 801 799 669 1
 375 800 799 669 1
 343 42 803 341 1
 343 43 342 805 1
 342 44 341 804 1
 803 625 805 804 1
 342 804 803 805 1
 342 803 343 805 1
 803 804 342 341 1
 343 803 342 341 1
 806 108 808 807 1
 806 610 700 742 1
 700 622 807 692 1
 808 632 742 692 1
 700 692 808 742 1
 700 808 806 742 1
 808 692 700 807 1
 806 808 700 807 1
 271 26 643 269 1
 271 31 178 688 1
 178 64 269 743 1
 643 622 688 743 1
 178 743 643 688 1
 178 643 271 688 1
 643 743 178 269 1
 271 643 178 269 1
 809 158 812 811 1
 809 615 810 778 1
 810 635 811 677 1
 812 628 778 677 1
 810 677 812 778 1
 810 812 809 778 1
 812 677 810 811 1
 809 812 810 811 1
 517 114 800 375 1
 517 85 522 813 1
 522 104 375 802 1
 800 630 813 802 1
 522 802 800 813 1
 522 800 517 813 1
 800 802 522 375 1
 517 800 522 375 1
 814 625 816 815 1
 814 634 756 818 1
 756 608 815 817 1
 816 617 818 817 1
 756 817 816 818 1
 756 816 814 818 1
 816 817 756 815 1
 814 816 756 815 1
 408 106 820 819 1
 408 92 775 777 1
 775 615 819 778 1
 820 628 777 778 1
 775 778 820 777 1
 775 820 408 777 1
 820 778 775 819 1
 408 820 775 819 1
 643 26 646 269 1
 643 622 743 647 1
 743 64 269 744 1
 646 609 647 744 1
 743 744 646 647 1
 743 646 643 647 1
 646 744 743 269 1
 643 646 743 269 1
 301 143 765 572 1
 301 144 571 821 1
 571 122 572 766 1
 765 626 821 766 1
 571 766 765 821 1
 571 765 301 821 1
 765 766 571 572 1
 301 765 571 572 1
 675 49 662 389 1
 675 635 822 676 1
 822 135 389 823 1
 662 629 676 823 1
 822 823 662 676 1
 822 662 675 676 1
 662 823 822 389 1
 675 662 822 389 1
 824 627 714 711 1
 824 634 825 753 1
 825 609 711 701 1
 714 610 753 701 1
 825 701 714 753 1
 825 714 824 753 1
 714 701 825 711 1
 824 714 825 711 1
 775 92 826 776 1
 775 615 774 828 1
 774 627 776 827 1
 826 614 828 827 1
 774 827 826 828 1
 774 826 775 828 1
 826 827 774 776 1
 775 826 774 776 1
 494 77 829 496 1
 494 86 473 831 1
 473 87 496 830 1
 829 624 831 830 1
 473 830 829 831 1
 473 829 494 831 1
 829 830 473 496 1
 494 829 473 496 1
 409 158 812 809 1
 409 106 819 820 1
 819 615 809 778 1
 812 628 820 778 1
 819 778 812 820 1
 819 812 409 820 1
 812 778 819 809 1
 409 812 819 809 1
 669 114 665 374 1
 669 612 832 670 1
 832 90 374 833 1
 665 620 670 833 1
 832 833 665 670 1
 832 665 669 670 1
 665 833 832 374 1
 669 665 832 374 1
 313 35 834 303 1
 313 50 312 836 1
 312 36 303 835 1
 834 627 836 835 1
 312 835 834 836 1
 312 834 313 836 1
 834 835 312 303 1
 313 834 312 303 1
 265 25 748 263 1
 265 49 264 661 1
 264 48 263 651 1
 748 609 661 651 1
 264 651 748 661 1
 264 748 265 661 1
 748 651 264 263 1
 265 748 264 263 1
 221 18 656 17 1
 221 101 220 696 1
 220 16 17 640 1
 656 616 696 640 1
 220 640 656 696 1
 220 656 221 696 1
 656 640 220 17 1
 221 656 220 17 1
 704 68 705 381 1
 704 612 837 706 1
 837 69 381 797 1
 705 617 706 797 1
 837 797 705 706 1
 837 705 704 706 1
 705 797 837 381 1
 704 705 837 381 1
 700 622 692 666 1
 700 610 754 742 1
 754 620 666 694 1
 692 632 742 694 1
 754 694 692 742 1
 754 692 700 742 1
 692 694 754 666 1
 700 692 754 666 1
 458 63 838 795 1
 458 68 702 728 1
 702 624 795 729 1
 838 618 728 729 1
 702 729 838 728 1
 702 838 458 728 1
 838 729 702 795 1
 458 838 702 795 1
 757 626 839 782 1
 757 608 783 841 1
 783 624 782 840 1
 839 607 841 840 1
 783 840 839 841 1
 783 839 757 841 1
 839 840 783 782 1
 757 839 783 782 1
 341 44 842 804 1
 341 42 803 843 1
 803 625 804 653 1
 842 629 843 653 1
 803 653 842 843 1
 803 842 341 843 1
 842 653 803 804 1
 341 842 803 804 1
 829 77 845 844 1
 829 624 783 840 1
 783 608 844 841 1
 845 607 840 841 1
 783 841 845 840 1
 783 845 829 840 1
 845 841 783 844 1
 829 845 783 844 1
 783 624 707 781 1
 783 608 756 817 1
 756 634 781 818 1
 707 617 817 818 1
 756 818 707 817 1
 756 707 783 817 1
 707 818 756 781 1
 783 707 756 781 1
 824 634 848 847 1
 824 627 846 793 1
 846 616 847 791 1
 848 623 793 791 1
 846 791 848 793 1
 846 848 824 793 1
 848 791 846 847 1
 824 848 846 847 1
 220 16 638 212 1
 220 101 224 695 1
 224 115 212 772 1
 638 633 695 772 1
 224 772 638 695 1
 224 638 220 695 1
 638 772 224 212 1
 220 638 224 212 1
 712 162 713 428 1
 712 609 697 701 1
 697 57 428 699 1
 713 610 701 699 1
 697 699 713 701 1
 697 713 712 701 1
 713 699 697 428 1
 712 713 697 428 1
 755 634 847 849 1
 755 626 722 850 1
 722 611 849 641 1
 847 616 850 641 1
 722 641 847 850 1
 722 847 755 850 1
 847 641 722 849 1
 755 847 722 849 1
 193 116 690 515 1
 193 84 514 727 1
 514 83 515 667 1
 690 620 727 667 1
 514 667 690 727 1
 514 690 193 727 1
 690 667 514 515 1
 193 690 514 515 1
 165 20 683 21 1
 165 24 164 718 1
 164 1 21 719 1
 683 621 718 719 1
 164 719 683 718 1
 164 683 165 718 1
 683 719 164 21 1
 165 683 164 21 1
 849 634 852 751 1
 849 611 851 673 1
 851 620 751 853 1
 852 619 673 853 1
 851 853 852 673 1
 851 852 849 673 1
 852 853 851 751 1
 849 852 851 751 1
 814 625 815 854 1
 814 634 770 756 1
 770 635 854 769 1
 815 608 756 769 1
 770 769 815 756 1
 770 815 814 756 1
 815 769 770 854 1
 814 815 770 854 1
 854 625 645 814 1
 854 635 770 674 1
 770 634 814 825 1
 645 609 674 825 1
 770 825 645 674 1
 770 645 854 674 1
 645 825 770 814 1
 854 645 770 814 1
 844 77 855 829 1
 844 608 783 817 1
 783 624 829 707 1
 855 617 817 707 1
 783 707 855 817 1
 783 855 844 817 1
 855 707 783 829 1
 844 855 783 829 1
 710 162 735 434 1
 710 627 856 736 1
 856 157 434 857 1
 735 628 736 857 1
 856 857 735 736 1
 856 735 710 736 1
 735 857 856 434 1
 710 735 856 434 1
 849 634 847 762 1
 849 611 636 641 1
 636 633 762 639 1
 847 616 641 639 1
 636 639 847 641 1
 636 847 849 641 1
 847 639 636 762 1
 849 847 636 762 1
 824 627 711 858 1
 824 634 770 825 1
 770 635 858 674 1
 711 609 825 674 1
 770 674 711 825 1
 770 711 824 825 1
 711 674 770 858 1
 824 711 770 858 1
 303 35 834 304 1
 303 36 302 835 1
 302 34 304 859 1
 834 627 835 859 1
 302 859 834 835 1
 302 834 303 835 1
 834 859 302 304 1
 303 834 302 304 1
 751 634 860 849 1
 751 620 851 862 1
 851 611 849 861 1
 860 618 862 861 1
 851 861 860 862 1
 851 860 751 862 1
 860 861 851 849 1
 751 860 851 849 1
 314 130 792 315 1
 314 50 313 836 1
 313 35 315 834 1
 792 627 836 834 1
 313 834 792 836 1
 313 792 314 836 1
 792 834 313 315 1
 314 792 313 315 1
 847 634 863 824 1
 847 616 846 864 1
 846 627 824 774 1
 863 615 864 774 1
 846 774 863 864 1
 846 863 847 864 1
 863 774 846 824 1
 847 863 846 824 1
 344 100 865 345 1
 344 43 343 867 1
 343 42 345 866 1
 865 617 867 866 1
 343 866 865 867 1
 343 865 344 867 1
 865 866 343 345 1
 344 865 343 345 1
 866 42 843 803 1
 866 617 816 868 1
 816 625 803 653 1
 843 629 868 653 1
 816 653 843 868 1
 816 843 866 868 1
 843 653 816 803 1
 866 843 816 803 1
 833 90 869 832 1
 833 620 670 862 1
 670 612 832 730 1
 869 618 862 730 1
 670 730 869 862 1
 670 869 833 862 1
 869 730 670 832 1
 833 869 670 832 1
 859 34 870 307 1
 859 627 776 736 1
 776 92 307 777 1
 870 628 736 777 1
 776 777 870 736 1
 776 870 859 736 1
 870 777 776 307 1
 859 870 776 307 1
 858 627 774 824 1
 858 635 770 810 1
 770 634 824 863 1
 774 615 810 863 1
 770 863 774 810 1
 770 774 858 810 1
 774 863 770 824 1
 858 774 770 824 1
 871 91 872 384 1
 871 612 704 730 1
 704 68 384 728 1
 872 618 730 728 1
 704 728 872 730 1
 704 872 871 730 1
 872 728 704 384 1
 871 872 704 384 1
 751 634 852 762 1
 751 620 763 853 1
 763 633 762 672 1
 852 619 853 672 1
 763 672 852 853 1
 763 852 751 853 1
 852 672 763 762 1
 751 852 763 762 1
 838 63 873 795 1
 838 618 729 875 1
 729 624 795 874 1
 873 631 875 874 1
 729 874 873 875 1
 729 873 838 875 1
 873 874 729 795 1
 838 873 729 795 1
 876 42 843 866 1
 876 608 817 877 1
 817 617 866 868 1
 843 629 877 868 1
 817 868 843 877 1
 817 843 876 877 1
 843 868 817 866 1
 876 843 817 866 1
 755 634 863 847 1
 755 626 850 878 1
 850 616 847 864 1
 863 615 878 864 1
 850 864 863 878 1
 850 863 755 878 1
 863 864 850 847 1
 755 863 850 847 1
 187 108 806 807 1
 187 109 731 732 1
 731 622 807 700 1
 806 610 732 700 1
 731 700 806 732 1
 731 806 187 732 1
 806 700 731 807 1
 187 806 731 807 1
 810 635 771 811 1
 810 615 809 880 1
 809 158 811 879 1
 771 613 880 879 1
 809 879 771 880 1
 809 771 810 880 1
 771 879 809 811 1
 810 771 809 811 1
 829 77 855 496 1
 829 624 830 707 1
 830 87 496 881 1
 855 617 707 881 1
 830 881 855 707 1
 830 855 829 707 1
 855 881 830 496 1
 829 855 830 496 1
 473 86 882 831 1
 473 87 830 881 1
 830 624 831 707 1
 882 617 881 707 1
 830 707 882 881 1
 830 882 473 881 1
 882 707 830 831 1
 473 882 830 831 1
 302 34 859 307 1
 302 36 308 835 1
 308 92 307 776 1
 859 627 835 776 1
 308 776 859 835 1
 308 859 302 835 1
 859 776 308 307 1
 302 859 308 307 1
 295 48 654 652 1
 295 51 883 884 1
 883 625 652 653 1
 654 629 884 653 1
 883 653 654 884 1
 883 654 295 884 1
 654 653 883 652 1
 295 654 883 652 1
 805 43 867 343 1
 805 625 803 816 1
 803 42 343 866 1
 867 617 816 866 1
 803 866 867 816 1
 803 867 805 816 1
 867 866 803 343 1
 805 867 803 343 1
 885 137 887 886 1
 885 620 853 694 1
 853 619 886 888 1
 887 632 694 888 1
 853 888 887 694 1
 853 887 885 694 1
 887 888 853 886 1
 885 887 853 886 1
 571 122 766 569 1
 571 144 570 821 1
 570 123 569 889 1
 766 626 821 889 1
 570 889 766 821 1
 570 766 571 821 1
 766 889 570 569 1
 571 766 570 569 1
 861 611 673 851 1
 861 618 862 890 1
 862 620 851 853 1
 673 619 890 853 1
 862 853 673 890 1
 862 673 861 890 1
 673 853 862 851 1
 861 673 862 851 1
 641 611 659 722 1
 641 616 850 660 1
 850 626 722 720 1
 659 621 660 720 1
 850 720 659 660 1
 850 659 641 660 1
 659 720 850 722 1
 641 659 850 722 1
 647 622 700 752 1
 647 609 825 701 1
 825 634 752 753 1
 700 610 701 753 1
 825 753 700 701 1
 825 700 647 701 1
 700 753 825 752 1
 647 700 825 752 1
 450 162 713 710 1
 450 130 792 784 1
 792 627 710 714 1
 713 610 784 714 1
 792 714 713 784 1
 792 713 450 784 1
 713 714 792 710 1
 450 713 792 710 1
 814 634 818 892 1
 814 625 891 816 1
 891 612 892 706 1
 818 617 816 706 1
 891 706 818 816 1
 891 818 814 816 1
 818 706 891 892 1
 814 818 891 892 1
 512 85 682 513 1
 512 83 514 663 1
 514 84 513 726 1
 682 622 663 726 1
 514 726 682 663 1
 514 682 512 663 1
 682 726 514 513 1
 512 682 514 513 1
 660 616 895 894 1
 660 621 893 897 1
 893 94 894 896 1
 895 614 897 896 1
 893 896 895 897 1
 893 895 660 897 1
 895 896 893 894 1
 660 895 893 894 1
 885 137 886 596 1
 885 620 898 853 1
 898 153 596 899 1
 886 619 853 899 1
 898 899 886 853 1
 898 886 885 853 1
 886 899 898 596 1
 885 886 898 596 1
 900 99 901 233 1
 900 616 656 660 1
 656 18 233 658 1
 901 621 660 658 1
 656 658 901 660 1
 656 901 900 660 1
 901 658 656 233 1
 900 901 656 233 1
 814 625 645 642 1
 814 634 752 825 1
 752 622 642 647 1
 645 609 825 647 1
 752 647 645 825 1
 752 645 814 825 1
 645 647 752 642 1
 814 645 752 642 1
 169 24 716 164 1
 169 33 168 902 1
 168 1 164 717 1
 716 626 902 717 1
 168 717 716 902 1
 168 716 169 902 1
 716 717 168 164 1
 169 716 168 164 1
 903 29 904 283 1
 903 618 838 875 1
 838 63 283 873 1
 904 631 875 873 1
 838 873 904 875 1
 838 904 903 875 1
 904 873 838 283 1
 903 904 838 283 1
 811 158 812 489 1
 811 635 905 677 1
 905 159 489 906 1
 812 628 677 906 1
 905 906 812 677 1
 905 812 811 677 1
 812 906 905 489 1
 811 812 905 489 1
 807 108 808 184 1
 807 622 733 692 1
 733 6 184 734 1
 808 632 692 734 1
 733 734 808 692 1
 733 808 807 692 1
 808 734 733 184 1
 807 808 733 184 1
 782 626 722 755 1
 782 624 781 907 1
 781 634 755 849 1
 722 611 907 849 1
 781 849 722 907 1
 781 722 782 907 1
 722 849 781 755 1
 782 722 781 755 1
 381 68 702 460 1
 381 69 470 796 1
 470 70 460 794 1
 702 624 796 794 1
 470 794 702 796 1
 470 702 381 796 1
 702 794 470 460 1
 381 702 470 460 1
 908 56 909 429 1
 908 609 712 679 1
 712 162 429 735 1
 909 628 679 735 1
 712 735 909 679 1
 712 909 908 679 1
 909 735 712 429 1
 908 909 712 429 1
 259 25 748 257 1
 259 32 258 681 1
 258 26 257 646 1
 748 609 681 646 1
 258 646 748 681 1
 258 748 259 681 1
 748 646 258 257 1
 259 748 258 257 1
 847 634 848 762 1
 847 616 639 791 1
 639 633 762 746 1
 848 623 791 746 1
 639 746 848 791 1
 639 848 847 791 1
 848 746 639 762 1
 847 848 639 762 1
 19 20 684 227 1
 19 18 226 657 1
 226 40 227 749 1
 684 611 657 749 1
 226 749 684 657 1
 226 684 19 657 1
 684 749 226 227 1
 19 684 226 227 1
 814 634 892 752 1
 814 625 642 891 1
 642 622 752 668 1
 892 612 891 668 1
 642 668 892 891 1
 642 892 814 891 1
 892 668 642 752 1
 814 892 642 752 1
 703 624 729 781 1
 703 612 892 730 1
 892 634 781 860 1
 729 618 730 860 1
 892 860 729 730 1
 892 729 703 730 1
 729 860 892 781 1
 703 729 892 781 1
 383 68 704 381 1
 383 47 382 910 1
 382 69 381 837 1
 704 612 910 837 1
 382 837 704 910 1
 382 704 383 910 1
 704 837 382 381 1
 383 704 382 381 1
 892 634 818 781 1
 892 612 703 706 1
 703 624 781 707 1
 818 617 706 707 1
 703 707 818 706 1
 703 818 892 706 1
 818 707 703 781 1
 892 818 703 781 1
 911 161 912 467 1
 911 620 833 862 1
 833 90 467 869 1
 912 618 862 869 1
 833 869 912 862 1
 833 912 911 862 1
 912 869 833 467 1
 911 912 833 467 1
 913 152 914 530 1
 913 620 911 862 1
 911 161 530 912 1
 914 618 862 912 1
 911 912 914 862 1
 911 914 913 862 1
 914 912 911 530 1
 913 914 911 530 1
 762 634 852 849 1
 762 633 636 672 1
 636 611 849 673 1
 852 619 672 673 1
 636 673 852 672 1
 636 852 762 672 1
 852 673 636 849 1
 762 852 636 849 1
 915 140 917 916 1
 915 619 672 888 1
 672 633 916 740 1
 917 632 888 740 1
 672 740 917 888 1
 672 917 915 888 1
 917 740 672 916 1
 915 917 672 916 1
 423 55 919 918 1
 423 94 893 896 1
 893 621 918 897 1
 919 614 896 897 1
 893 897 919 896 1
 893 919 423 896 1
 919 897 893 918 1
 423 919 893 918 1
 496 77 855 498 1
 496 87 497 881 1
 497 88 498 920 1
 855 617 881 920 1
 497 920 855 881 1
 497 855 496 881 1
 855 920 497 498 1
 496 855 497 498 1
 921 128 922 562 1
 921 635 811 771 1
 811 158 562 879 1
 922 613 771 879 1
 811 879 922 771 1
 811 922 921 771 1
 922 879 811 562 1
 921 922 811 562 1
 519 139 923 527 1
 519 114 374 665 1
 374 90 527 833 1
 923 620 665 833 1
 374 833 923 665 1
 374 923 519 665 1
 923 833 374 527 1
 519 923 374 527 1
 924 155 926 925 1
 924 625 816 649 1
 816 617 925 927 1
 926 630 649 927 1
 816 927 926 649 1
 816 926 924 649 1
 926 927 816 925 1
 924 926 816 925 1
 837 69 797 382 1
 837 612 910 706 1
 910 47 382 928 1
 797 617 706 928 1
 910 928 797 706 1
 910 797 837 706 1
 797 928 910 382 1
 837 797 910 382 1
 498 77 855 844 1
 498 88 929 920 1
 929 608 844 817 1
 855 617 920 817 1
 929 817 855 920 1
 929 855 498 920 1
 855 817 929 844 1
 498 855 929 844 1
 930 123 931 889 1
 930 615 878 880 1
 878 626 889 758 1
 931 613 880 758 1
 878 758 931 880 1
 878 931 930 880 1
 931 758 878 889 1
 930 931 878 889 1
 170 143 767 765 1
 170 1 717 719 1
 717 626 765 720 1
 767 621 719 720 1
 717 720 767 719 1
 717 767 170 719 1
 767 720 717 765 1
 170 767 717 765 1
 213 115 772 212 1
 213 14 15 788 1
 15 16 212 638 1
 772 633 788 638 1
 15 638 772 788 1
 15 772 213 788 1
 772 638 15 212 1
 213 772 15 212 1
 360 155 924 358 1
 360 107 357 932 1
 357 43 358 805 1
 924 625 932 805 1
 357 805 924 932 1
 357 924 360 932 1
 924 805 357 358 1
 360 924 357 358 1
 933 33 934 902 1
 933 607 839 935 1
 839 626 902 723 1
 934 631 935 723 1
 839 723 934 935 1
 839 934 933 935 1
 934 723 839 902 1
 933 934 839 902 1
 178 64 743 179 1
 178 31 177 688 1
 177 2 179 936 1
 743 622 688 936 1
 177 936 743 688 1
 177 743 178 688 1
 743 936 177 179 1
 178 743 177 179 1
 816 625 653 815 1
 816 617 817 868 1
 817 608 815 877 1
 653 629 868 877 1
 817 877 653 868 1
 817 653 816 868 1
 653 877 817 815 1
 816 653 817 815 1
 15 16 671 215 1
 15 14 214 789 1
 214 121 215 764 1
 671 619 789 764 1
 214 764 671 789 1
 214 671 15 789 1
 671 764 214 215 1
 15 671 214 215 1
 428 162 713 440 1
 428 57 437 699 1
 437 61 440 937 1
 713 610 699 937 1
 437 937 713 699 1
 437 713 428 699 1
 713 937 437 440 1
 428 713 437 440 1
 892 634 860 751 1
 892 612 670 730 1
 670 620 751 862 1
 860 618 730 862 1
 670 862 860 730 1
 670 860 892 730 1
 860 862 670 751 1
 892 860 670 751 1
 781 624 729 907 1
 781 634 849 860 1
 849 611 907 861 1
 729 618 860 861 1
 849 861 729 860 1
 849 729 781 860 1
 729 861 849 907 1
 781 729 849 907 1
 892 634 751 752 1
 892 612 668 670 1
 668 622 752 666 1
 751 620 670 666 1
 668 666 751 670 1
 668 751 892 670 1
 751 666 668 752 1
 892 751 668 752 1
 674 635 676 854 1
 674 609 645 655 1
 645 625 854 653 1
 676 629 655 653 1
 645 653 676 655 1
 645 676 674 655 1
 676 653 645 854 1
 674 676 645 854 1
 275 56 908 429 1
 275 57 428 697 1
 428 162 429 712 1
 908 609 697 712 1
 428 712 908 697 1
 428 908 275 697 1
 908 712 428 429 1
 275 908 428 429 1
 258 26 648 273 1
 258 32 274 715 1
 274 30 273 725 1
 648 630 715 725 1
 274 725 648 715 1
 274 648 258 715 1
 648 725 274 273 1
 258 648 274 273 1
 505 81 939 938 1
 505 115 773 790 1
 773 616 938 791 1
 939 623 790 791 1
 773 791 939 790 1
 773 939 505 790 1
 939 791 773 938 1
 505 939 773 938 1
 357 43 805 356 1
 357 107 296 932 1
 296 51 356 883 1
 805 625 932 883 1
 296 883 805 932 1
 296 805 357 932 1
 805 883 296 356 1
 357 805 296 356 1
 410 52 940 407 1
 410 158 409 809 1
 409 106 407 819 1
 940 615 809 819 1
 409 819 940 809 1
 409 940 410 809 1
 940 819 409 407 1
 410 940 409 407 1
 346 42 876 352 1
 346 147 354 942 1
 354 149 352 941 1
 876 608 942 941 1
 354 941 876 942 1
 354 876 346 942 1
 876 941 354 352 1
 346 876 354 352 1
 771 635 676 944 1
 771 613 943 946 1
 943 120 944 945 1
 676 629 946 945 1
 943 945 676 946 1
 943 676 771 946 1
 676 945 943 944 1
 771 676 943 944 1
 295 48 652 262 1
 295 51 294 883 1
 294 32 262 680 1
 652 625 883 680 1
 294 680 652 883 1
 294 652 295 883 1
 652 680 294 262 1
 295 652 294 262 1
 947 79 948 490 1
 947 624 829 840 1
 829 77 490 845 1
 948 607 840 845 1
 829 845 948 840 1
 829 948 947 840 1
 948 845 829 490 1
 947 948 829 490 1
 680 32 715 297 1
 680 625 932 649 1
 932 107 297 949 1
 715 630 649 949 1
 932 949 715 649 1
 932 715 680 649 1
 715 949 932 297 1
 680 715 932 297 1
 562 128 922 586 1
 562 158 411 879 1
 411 129 586 950 1
 922 613 879 950 1
 411 950 922 879 1
 411 922 562 879 1
 922 950 411 586 1
 562 922 411 586 1
 449 65 786 448 1
 449 60 325 951 1
 325 66 448 745 1
 786 623 951 745 1
 325 745 786 951 1
 325 786 449 951 1
 786 745 325 448 1
 449 786 325 448 1
 306 34 859 304 1
 306 157 305 856 1
 305 35 304 834 1
 859 627 856 834 1
 305 834 859 856 1
 305 859 306 856 1
 859 834 305 304 1
 306 859 305 304 1
 338 79 948 947 1
 338 41 952 953 1
 952 624 947 840 1
 948 607 953 840 1
 952 840 948 953 1
 952 948 338 953 1
 948 840 952 947 1
 338 948 952 947 1
 835 36 954 312 1
 835 627 836 827 1
 836 50 312 955 1
 954 614 827 955 1
 836 955 954 827 1
 836 954 835 827 1
 954 955 836 312 1
 835 954 836 312 1
 356 43 805 342 1
 356 51 355 883 1
 355 44 342 804 1
 805 625 883 804 1
 355 804 805 883 1
 355 805 356 883 1
 805 804 355 342 1
 356 805 355 342 1
 222 18 657 231 1
 222 163 232 724 1
 232 39 231 956 1
 657 611 724 956 1
 232 956 657 724 1
 232 657 222 724 1
 657 956 232 231 1
 222 657 232 231 1
 282 41 952 338 1
 282 103 340 957 1
 340 79 338 947 1
 952 624 957 947 1
 340 947 952 957 1
 340 952 282 957 1
 952 947 340 338 1
 282 952 340 338 1
 180 31 689 688 1
 180 105 958 959 1
 958 622 688 650 1
 689 630 959 650 1
 958 650 689 959 1
 958 689 180 959 1
 689 650 958 688 1
 180 689 958 688 1
 5 6 733 183 1
 5 4 182 960 1
 182 84 183 726 1
 733 622 960 726 1
 182 726 733 960 1
 182 733 5 960 1
 733 726 182 183 1
 5 733 182 183 1
 185 108 807 184 1
 185 4 5 960 1
 5 6 184 733 1
 807 622 960 733 1
 5 733 807 960 1
 5 807 185 960 1
 807 733 5 184 1
 185 807 5 184 1
 785 65 786 449 1
 785 610 961 747 1
 961 60 449 951 1
 786 623 747 951 1
 961 951 786 747 1
 961 786 785 747 1
 786 951 961 449 1
 785 786 961 449 1
 962 133 963 578 1
 962 626 821 839 1
 821 144 578 964 1
 963 607 839 964 1
 821 964 963 839 1
 821 963 962 839 1
 963 964 821 578 1
 962 963 821 578 1
 233 18 656 221 1
 233 99 235 900 1
 235 101 221 696 1
 656 616 900 696 1
 235 696 656 900 1
 235 656 233 900 1
 656 696 235 221 1
 233 656 235 221 1
 233 99 901 234 1
 233 18 228 658 1
 228 95 234 965 1
 901 621 658 965 1
 228 965 901 658 1
 228 901 233 658 1
 901 965 228 234 1
 233 901 228 234 1
 315 130 792 316 1
 315 35 305 834 1
 305 157 316 856 1
 792 627 834 856 1
 305 856 792 834 1
 305 792 315 834 1
 792 856 305 316 1
 315 792 305 316 1
 966 150 968 967 1
 966 613 759 946 1
 759 608 967 877 1
 968 629 946 877 1
 759 877 968 946 1
 759 968 966 946 1
 968 877 759 967 1
 966 968 759 967 1
 886 137 887 207 1
 886 619 915 888 1
 915 140 207 917 1
 887 632 888 917 1
 915 917 887 888 1
 915 887 886 888 1
 887 917 915 207 1
 886 887 915 207 1
 505 81 938 508 1
 505 115 224 773 1
 224 101 508 696 1
 938 616 773 696 1
 224 696 938 773 1
 224 938 505 773 1
 938 696 224 508 1
 505 938 224 508 1
 530 161 911 467 1
 530 152 528 913 1
 528 90 467 833 1
 911 620 913 833 1
 528 833 911 913 1
 528 911 530 913 1
 911 833 528 467 1
 530 911 528 467 1
 918 55 919 970 1
 918 621 969 897 1
 969 615 970 828 1
 919 614 897 828 1
 969 828 919 897 1
 969 919 918 897 1
 919 828 969 970 1
 918 919 969 970 1
 809 158 879 411 1
 809 615 971 880 1
 971 129 411 950 1
 879 613 880 950 1
 971 950 879 880 1
 971 879 809 880 1
 879 950 971 411 1
 809 879 971 411 1
 270 27 972 276 1
 270 64 279 744 1
 279 57 276 697 1
 972 609 744 697 1
 279 697 972 744 1
 279 972 270 744 1
 972 697 279 276 1
 270 972 279 276 1
 961 60 951 325 1
 961 610 738 747 1
 738 66 325 745 1
 951 623 747 745 1
 738 745 951 747 1
 738 951 961 747 1
 951 745 738 325 1
 961 951 738 325 1
 668 622 650 642 1
 668 612 891 801 1
 891 625 642 649 1
 650 630 801 649 1
 891 649 650 801 1
 891 650 668 801 1
 650 649 891 642 1
 668 650 891 642 1
 490 77 829 494 1
 490 79 495 947 1
 495 86 494 831 1
 829 624 947 831 1
 495 831 829 947 1
 495 829 490 947 1
 829 831 495 494 1
 490 829 495 494 1
 973 133 963 962 1
 973 613 758 974 1
 758 626 962 839 1
 963 607 974 839 1
 758 839 963 974 1
 758 963 973 974 1
 963 839 758 962 1
 973 963 758 962 1
 384 68 704 383 1
 384 91 370 871 1
 370 47 383 910 1
 704 612 871 910 1
 370 910 704 871 1
 370 704 384 871 1
 704 910 370 383 1
 384 704 370 383 1
 975 62 976 285 1
 975 618 903 875 1
 903 29 285 904 1
 976 631 875 904 1
 903 904 976 875 1
 903 976 975 875 1
 976 904 903 285 1
 975 976 903 285 1
 439 108 806 187 1
 439 57 441 699 1
 441 109 187 732 1
 806 610 699 732 1
 441 732 806 699 1
 441 806 439 699 1
 806 732 441 187 1
 439 806 441 187 1
 226 40 749 230 1
 226 18 231 657 1
 231 39 230 956 1
 749 611 657 956 1
 231 956 749 657 1
 231 749 226 657 1
 749 956 231 230 1
 226 749 231 230 1
 977 62 976 975 1
 977 611 861 686 1
 861 618 975 875 1
 976 631 686 875 1
 861 875 976 686 1
 861 976 977 686 1
 976 875 861 975 1
 977 976 861 975 1
 372 45 978 373 1
 372 90 374 832 1
 374 114 373 669 1
 978 612 832 669 1
 374 669 978 832 1
 374 978 372 832 1
 978 669 374 373 1
 372 978 374 373 1
 776 92 826 308 1
 776 627 835 827 1
 835 36 308 954 1
 826 614 827 954 1
 835 954 826 827 1
 835 826 776 827 1
 826 954 835 308 1
 776 826 835 308 1
 371 91 872 871 1
 371 90 832 869 1
 832 612 871 730 1
 872 618 869 730 1
 832 730 872 869 1
 832 872 371 869 1
 872 730 832 871 1
 371 872 832 871 1
 573 124 979 568 1
 573 143 572 767 1
 572 122 568 768 1
 979 621 767 768 1
 572 768 979 767 1
 572 979 573 767 1
 979 768 572 568 1
 573 979 572 568 1
 942 147 980 346 1
 942 608 876 877 1
 876 42 346 843 1
 980 629 877 843 1
 876 843 980 877 1
 876 980 942 877 1
 980 843 876 346 1
 942 980 876 346 1
 795 63 873 287 1
 795 624 957 874 1
 957 103 287 981 1
 873 631 874 981 1
 957 981 873 874 1
 957 873 795 874 1
 873 981 957 287 1
 795 873 957 287 1
 902 33 934 169 1
 902 626 716 723 1
 716 24 169 721 1
 934 631 723 721 1
 716 721 934 723 1
 716 934 902 723 1
 934 721 716 169 1
 902 934 716 169 1
 672 633 740 763 1
 672 619 853 888 1
 853 620 763 694 1
 740 632 888 694 1
 853 694 740 888 1
 853 740 672 888 1
 740 694 853 763 1
 672 740 853 763 1
 570 123 889 576 1
 570 144 578 821 1
 578 133 576 962 1
 889 626 821 962 1
 578 962 889 821 1
 578 889 570 821 1
 889 962 578 576 1
 570 889 578 576 1
 407 52 940 403 1
 407 106 408 819 1
 408 92 403 775 1
 940 615 819 775 1
 408 775 940 819 1
 408 940 407 819 1
 940 775 408 403 1
 407 940 408 403 1
 905 159 906 488 1
 905 635 822 677 1
 822 135 488 982 1
 906 628 677 982 1
 822 982 906 677 1
 822 906 905 677 1
 906 982 822 488 1
 905 906 822 488 1
 309 72 983 310 1
 309 34 307 870 1
 307 92 310 777 1
 983 628 870 777 1
 307 777 983 870 1
 307 983 309 870 1
 983 777 307 310 1
 309 983 307 310 1
 351 149 941 352 1
 351 88 348 929 1
 348 42 352 876 1
 941 608 929 876 1
 348 876 941 929 1
 348 941 351 929 1
 941 876 348 352 1
 351 941 348 352 1
 967 150 968 557 1
 967 608 984 877 1
 984 148 557 985 1
 968 629 877 985 1
 984 985 968 877 1
 984 968 967 877 1
 968 985 984 557 1
 967 968 984 557 1
 554 150 968 966 1
 554 120 943 945 1
 943 613 966 946 1
 968 629 945 946 1
 943 946 968 945 1
 943 968 554 945 1
 968 946 943 966 1
 554 968 943 966 1
 202 10 986 11 1
 202 140 203 916 1
 203 12 11 987 1
 986 633 916 987 1
 203 987 986 916 1
 203 986 202 916 1
 986 987 203 11 1
 202 986 203 11 1
 323 38 988 204 1
 323 66 322 739 1
 322 37 204 798 1
 988 633 739 798 1
 322 798 988 739 1
 322 988 323 739 1
 988 798 322 204 1
 323 988 322 204 1
 355 51 884 883 1
 355 44 804 842 1
 804 625 883 653 1
 884 629 842 653 1
 804 653 884 842 1
 804 884 355 842 1
 884 653 804 883 1
 355 884 804 883 1
 739 66 745 323 1
 739 633 988 746 1
 988 38 323 989 1
 745 623 746 989 1
 988 989 745 746 1
 988 745 739 746 1
 745 989 988 323 1
 739 745 988 323 1
 486 73 990 487 1
 486 158 489 812 1
 489 159 487 906 1
 990 628 812 906 1
 489 906 990 812 1
 489 990 486 812 1
 990 906 489 487 1
 486 990 489 487 1
 297 107 932 296 1
 297 32 294 680 1
 294 51 296 883 1
 932 625 680 883 1
 294 883 932 680 1
 294 932 297 680 1
 932 883 294 296 1
 297 932 294 296 1
 360 155 926 924 1
 360 107 932 949 1
 932 625 924 649 1
 926 630 949 649 1
 932 649 926 949 1
 932 926 360 949 1
 926 649 932 924 1
 360 926 932 924 1
 267 25 748 265 1
 267 102 266 708 1
 266 49 265 661 1
 748 609 708 661 1
 266 661 748 708 1
 266 748 267 708 1
 748 661 266 265 1
 267 748 266 265 1
 889 123 931 576 1
 889 626 962 758 1
 962 133 576 973 1
 931 613 758 973 1
 962 973 931 758 1
 962 931 889 758 1
 931 973 962 576 1
 889 931 962 576 1
 371 91 871 369 1
 371 90 372 832 1
 372 45 369 978 1
 871 612 832 978 1
 372 978 871 832 1
 372 871 371 832 1
 871 978 372 369 1
 371 871 372 369 1
 179 64 743 181 1
 179 2 176 936 1
 176 109 181 731 1
 743 622 936 731 1
 176 731 743 936 1
 176 743 179 936 1
 743 731 176 181 1
 179 743 176 181 1
 907 624 874 782 1
 907 611 722 686 1
 722 626 782 723 1
 874 631 686 723 1
 722 723 874 686 1
 722 874 907 686 1
 874 723 722 782 1
 907 874 722 782 1
 991 97 993 376 1
 991 612 992 801 1
 992 46 376 994 1
 993 630 801 994 1
 992 994 993 801 1
 992 993 991 801 1
 993 994 992 376 1
 991 993 992 376 1
 209 74 995 208 1
 209 12 13 987 1
 13 14 208 788 1
 995 633 987 788 1
 13 788 995 987 1
 13 995 209 987 1
 995 788 13 208 1
 209 995 13 208 1
 996 151 997 286 1
 996 611 977 686 1
 977 62 286 976 1
 997 631 686 976 1
 977 976 997 686 1
 977 997 996 686 1
 997 976 977 286 1
 996 997 977 286 1
 180 31 688 177 1
 180 105 173 958 1
 173 2 177 936 1
 688 622 958 936 1
 173 936 688 958 1
 173 688 180 958 1
 688 936 173 177 1
 180 688 173 177 1
 596 137 886 207 1
 596 153 600 899 1
 600 140 207 915 1
 886 619 899 915 1
 600 915 886 899 1
 600 886 596 899 1
 886 915 600 207 1
 596 886 600 207 1
 682 85 813 521 1
 682 622 958 650 1
 958 105 521 959 1
 813 630 650 959 1
 958 959 813 650 1
 958 813 682 650 1
 813 959 958 521 1
 682 813 958 521 1
 232 39 956 333 1
 232 163 335 724 1
 335 138 333 998 1
 956 611 724 998 1
 335 998 956 724 1
 335 956 232 724 1
 956 998 335 333 1
 232 956 335 333 1
 969 615 828 864 1
 969 621 660 897 1
 660 616 864 895 1
 828 614 897 895 1
 660 895 828 897 1
 660 828 969 897 1
 828 895 660 864 1
 969 828 660 864 1
 916 140 917 202 1
 916 633 986 740 1
 986 10 202 999 1
 917 632 740 999 1
 986 999 917 740 1
 986 917 916 740 1
 917 999 986 202 1
 916 917 986 202 1
 711 627 736 858 1
 711 609 674 679 1
 674 635 858 677 1
 736 628 679 677 1
 674 677 736 679 1
 674 736 711 679 1
 736 677 674 858 1
 711 736 674 858 1
 396 65 785 449 1
 396 130 446 784 1
 446 60 449 961 1
 785 610 784 961 1
 446 961 785 784 1
 446 785 396 784 1
 785 961 446 449 1
 396 785 446 449 1
 539 97 1000 526 1
 539 155 359 925 1
 359 100 526 865 1
 1000 617 925 865 1
 359 865 1000 925 1
 359 1000 539 925 1
 1000 865 359 526 1
 539 1000 359 526 1
 471 86 831 472 1
 471 70 470 794 1
 470 69 472 796 1
 831 624 794 796 1
 470 796 831 794 1
 470 831 471 794 1
 831 796 470 472 1
 471 831 470 472 1
 1001 145 1003 1002 1
 1001 618 861 890 1
 861 611 1002 673 1
 1003 619 890 673 1
 861 673 1003 890 1
 861 1003 1001 890 1
 1003 673 861 1002 1
 1001 1003 861 1002 1
 272 31 689 180 1
 272 30 288 725 1
 288 105 180 959 1
 689 630 725 959 1
 288 959 689 725 1
 288 689 272 725 1
 689 959 288 180 1
 272 689 288 180 1
 519 114 665 516 1
 519 139 518 923 1
 518 83 516 667 1
 665 620 923 667 1
 518 667 665 923 1
 518 665 519 923 1
 665 667 518 516 1
 519 665 518 516 1
 429 56 909 433 1
 429 162 434 735 1
 434 157 433 857 1
 909 628 735 857 1
 434 857 909 735 1
 434 909 429 735 1
 909 857 434 433 1
 429 909 434 433 1
 367 104 799 375 1
 367 45 373 978 1
 373 114 375 669 1
 799 612 978 669 1
 373 669 799 978 1
 373 799 367 978 1
 799 669 373 375 1
 367 799 373 375 1
 558 120 944 563 1
 558 135 488 822 1
 488 159 563 905 1
 944 635 822 905 1
 488 905 944 822 1
 488 944 558 822 1
 944 905 488 563 1
 558 944 488 563 1
 977 62 975 455 1
 977 611 1002 861 1
 1002 145 455 1001 1
 975 618 861 1001 1
 1002 1001 975 861 1
 1002 975 977 861 1
 975 1001 1002 455 1
 977 975 1002 455 1
 286 62 977 455 1
 286 151 456 996 1
 456 145 455 1002 1
 977 611 996 1002 1
 456 1002 977 996 1
 456 977 286 996 1
 977 1002 456 455 1
 286 977 456 455 1
 1000 97 993 991 1
 1000 617 706 927 1
 706 612 991 801 1
 993 630 927 801 1
 706 801 993 927 1
 706 993 1000 927 1
 993 801 706 991 1
 1000 993 706 991 1
 440 162 713 450 1
 440 61 447 937 1
 447 130 450 784 1
 713 610 937 784 1
 447 784 713 937 1
 447 713 440 937 1
 713 784 447 450 1
 440 713 447 450 1
 1004 134 1005 253 1
 1004 607 933 935 1
 933 33 253 934 1
 1005 631 935 934 1
 933 934 1005 935 1
 933 1005 1004 935 1
 1005 934 933 253 1
 1004 1005 933 253 1
 286 151 997 247 1
 286 62 285 976 1
 285 29 247 904 1
 997 631 976 904 1
 285 904 997 976 1
 285 997 286 976 1
 997 904 285 247 1
 286 997 285 247 1
 925 155 926 539 1
 925 617 1000 927 1
 1000 97 539 993 1
 926 630 927 993 1
 1000 993 926 927 1
 1000 926 925 927 1
 926 993 1000 539 1
 925 926 1000 539 1
 462 70 794 461 1
 462 103 287 957 1
 287 63 461 795 1
 794 624 957 795 1
 287 795 794 957 1
 287 794 462 957 1
 794 795 287 461 1
 462 794 287 461 1
 495 86 831 478 1
 495 79 340 947 1
 340 103 478 957 1
 831 624 947 957 1
 340 957 831 947 1
 340 831 495 947 1
 831 957 340 478 1
 495 831 340 478 1
 876 42 866 348 1
 876 608 929 817 1
 929 88 348 920 1
 866 617 817 920 1
 929 920 866 817 1
 929 866 876 817 1
 866 920 929 348 1
 876 866 929 348 1
 168 1 717 170 1
 168 33 171 902 1
 171 143 170 765 1
 717 626 902 765 1
 171 765 717 902 1
 171 717 168 902 1
 717 765 171 170 1
 168 717 171 170 1
 187 108 807 185 1
 187 109 175 731 1
 175 4 185 960 1
 807 622 731 960 1
 175 960 807 731 1
 175 807 187 731 1
 807 960 175 185 1
 187 807 175 185 1
 287 63 873 283 1
 287 103 281 981 1
 281 29 283 904 1
 873 631 981 904 1
 281 904 873 981 1
 281 873 287 981 1
 873 904 281 283 1
 287 873 281 283 1
 285 29 903 283 1
 285 62 284 975 1
 284 63 283 838 1
 903 618 975 838 1
 284 838 903 975 1
 284 903 285 975 1
 903 838 284 283 1
 285 903 284 283 1
 856 157 857 306 1
 856 627 859 736 1
 859 34 306 870 1
 857 628 736 870 1
 859 870 857 736 1
 859 857 856 736 1
 857 870 859 306 1
 856 857 859 306 1
 566 121 761 225 1
 566 138 335 998 1
 335 163 225 724 1
 761 611 998 724 1
 335 724 761 998 1
 335 761 566 998 1
 761 724 335 225 1
 566 761 335 225 1
 368 104 802 799 1
 368 46 992 994 1
 992 612 799 801 1
 802 630 994 801 1
 992 801 802 994 1
 992 802 368 994 1
 802 801 992 799 1
 368 802 992 799 1
 955 50 1006 836 1
 955 614 827 1007 1
 827 627 836 793 1
 1006 623 1007 793 1
 827 793 1006 1007 1
 827 1006 955 1007 1
 1006 793 827 836 1
 955 1006 827 836 1
 289 160 1008 298 1
 289 32 297 715 1
 297 107 298 949 1
 1008 630 715 949 1
 297 949 1008 715 1
 297 1008 289 715 1
 1008 949 297 298 1
 289 1008 297 298 1
 553 118 1009 555 1
 553 150 557 968 1
 557 148 555 985 1
 1009 629 968 985 1
 557 985 1009 968 1
 557 1009 553 968 1
 1009 985 557 555 1
 553 1009 557 555 1
 322 37 779 324 1
 322 66 325 738 1
 325 60 324 961 1
 779 610 738 961 1
 325 961 779 738 1
 325 779 322 738 1
 779 961 325 324 1
 322 779 325 324 1
 368 104 799 367 1
 368 46 366 992 1
 366 45 367 978 1
 799 612 992 978 1
 366 978 799 992 1
 366 799 368 992 1
 799 978 366 367 1
 368 799 366 367 1
 815 625 653 854 1
 815 608 769 877 1
 769 635 854 676 1
 653 629 877 676 1
 769 676 653 877 1
 769 653 815 877 1
 653 676 769 854 1
 815 653 769 854 1
 844 77 845 493 1
 844 608 1010 841 1
 1010 141 493 1011 1
 845 607 841 1011 1
 1010 1011 845 841 1
 1010 845 844 841 1
 845 1011 1010 493 1
 844 845 1010 493 1
 1002 145 1003 582 1
 1002 611 998 673 1
 998 138 582 1012 1
 1003 619 673 1012 1
 998 1012 1003 673 1
 998 1003 1002 673 1
 1003 1012 998 582 1
 1002 1003 998 582 1
 862 620 853 913 1
 862 618 914 890 1
 914 152 913 1013 1
 853 619 890 1013 1
 914 1013 853 890 1
 914 853 862 890 1
 853 1013 914 913 1
 862 853 914 913 1
 1014 54 1015 412 1
 1014 615 970 969 1
 970 55 412 918 1
 1015 621 969 918 1
 970 918 1015 969 1
 970 1015 1014 969 1
 1015 918 970 412 1
 1014 1015 970 412 1
 213 14 788 208 1
 213 115 216 772 1
 216 74 208 995 1
 788 633 772 995 1
 216 995 788 772 1
 216 788 213 772 1
 788 995 216 208 1
 213 788 216 208 1
 301 144 821 300 1
 301 143 171 765 1
 171 33 300 902 1
 821 626 765 902 1
 171 902 821 765 1
 171 821 301 765 1
 821 902 171 300 1
 301 821 171 300 1
 831 86 882 472 1
 831 624 796 707 1
 796 69 472 797 1
 882 617 707 797 1
 796 797 882 707 1
 796 882 831 707 1
 882 797 796 472 1
 831 882 796 472 1
 256 27 972 270 1
 256 26 269 646 1
 269 64 270 744 1
 972 609 646 744 1
 269 744 972 646 1
 269 972 256 646 1
 972 744 269 270 1
 256 972 269 270 1
 758 626 839 757 1
 758 613 759 974 1
 759 608 757 841 1
 839 607 974 841 1
 759 841 839 974 1
 759 839 758 974 1
 839 841 759 757 1
 758 839 759 757 1
 971 129 950 422 1
 971 615 930 880 1
 930 123 422 931 1
 950 613 880 931 1
 930 931 950 880 1
 930 950 971 880 1
 950 931 930 422 1
 971 950 930 422 1
 438 108 806 439 1
 438 59 436 1016 1
 436 57 439 699 1
 806 610 1016 699 1
 436 699 806 1016 1
 436 806 438 1016 1
 806 699 436 439 1
 438 806 436 439 1
 472 86 882 473 1
 472 69 474 797 1
 474 87 473 881 1
 882 617 797 881 1
 474 881 882 797 1
 474 882 472 797 1
 882 881 474 473 1
 472 882 474 473 1
 498 77 844 493 1
 498 88 499 929 1
 499 141 493 1010 1
 844 608 929 1010 1
 499 1010 844 929 1
 499 844 498 929 1
 844 1010 499 493 1
 498 844 499 493 1
 328 80 1017 329 1
 328 66 323 745 1
 323 38 329 989 1
 1017 623 745 989 1
 323 989 1017 745 1
 323 1017 328 745 1
 1017 989 323 329 1
 328 1017 323 329 1
 434 157 856 316 1
 434 162 450 710 1
 450 130 316 792 1
 856 627 710 792 1
 450 792 856 710 1
 450 856 434 710 1
 856 792 450 316 1
 434 856 450 316 1
 202 140 917 207 1
 202 10 197 999 1
 197 137 207 887 1
 917 632 999 887 1
 197 887 917 999 1
 197 917 202 999 1
 917 887 197 207 1
 202 917 197 207 1
 563 120 944 561 1
 563 159 489 905 1
 489 158 561 811 1
 944 635 905 811 1
 489 811 944 905 1
 489 944 563 905 1
 944 811 489 561 1
 563 944 489 561 1
 347 44 842 341 1
 347 147 346 980 1
 346 42 341 843 1
 842 629 980 843 1
 346 843 842 980 1
 346 842 347 980 1
 842 843 346 341 1
 347 842 346 341 1
 566 121 764 761 1
 566 138 998 1012 1
 998 611 761 673 1
 764 619 1012 673 1
 998 673 764 1012 1
 998 764 566 1012 1
 764 673 998 761 1
 566 764 998 761 1
 376 97 993 378 1
 376 46 379 994 1
 379 98 378 1018 1
 993 630 994 1018 1
 379 1018 993 994 1
 379 993 376 994 1
 993 1018 379 378 1
 376 993 379 378 1
 840 624 874 952 1
 840 607 953 935 1
 953 41 952 1019 1
 874 631 935 1019 1
 953 1019 874 935 1
 953 874 840 935 1
 874 1019 953 952 1
 840 874 953 952 1
 957 103 981 282 1
 957 624 952 874 1
 952 41 282 1019 1
 981 631 874 1019 1
 952 1019 981 874 1
 952 981 957 874 1
 981 1019 952 282 1
 957 981 952 282 1
 487 73 990 485 1
 487 159 488 906 1
 488 135 485 982 1
 990 628 906 982 1
 488 982 990 906 1
 488 990 487 906 1
 990 982 488 485 1
 487 990 488 485 1
 415 55 919 423 1
 415 117 426 1020 1
 426 94 423 896 1
 919 614 1020 896 1
 426 896 919 1020 1
 426 919 415 1020 1
 919 896 426 423 1
 415 919 426 423 1
 330 115 772 216 1
 330 38 211 988 1
 211 74 216 995 1
 772 633 988 995 1
 211 995 772 988 1
 211 772 330 988 1
 772 995 211 216 1
 330 772 211 216 1
 560 128 922 921 1
 560 120 944 943 1
 944 635 921 771 1
 922 613 943 771 1
 944 771 922 943 1
 944 922 560 943 1
 922 771 944 921 1
 560 922 944 921 1
 387 48 654 295 1
 387 110 362 1021 1
 362 51 295 884 1
 654 629 1021 884 1
 362 884 654 1021 1
 362 654 387 1021 1
 654 884 362 295 1
 387 654 362 295 1
 810 635 677 858 1
 810 615 774 778 1
 774 627 858 736 1
 677 628 778 736 1
 774 736 677 778 1
 774 677 810 778 1
 677 736 774 858 1
 810 677 774 858 1
 175 4 960 3 1
 175 109 176 731 1
 176 2 3 936 1
 960 622 731 936 1
 176 936 960 731 1
 176 960 175 731 1
 960 936 176 3 1
 175 960 176 3 1
 173 2 936 3 1
 173 105 174 958 1
 174 4 3 960 1
 936 622 958 960 1
 174 960 936 958 1
 174 936 173 958 1
 936 960 174 3 1
 173 936 174 3 1
 551 118 1009 553 1
 551 120 554 945 1
 554 150 553 968 1
 1009 629 945 968 1
 554 968 1009 945 1
 554 1009 551 945 1
 1009 968 554 553 1
 551 1009 554 553 1
 910 47 928 377 1
 910 612 991 706 1
 991 97 377 1000 1
 928 617 706 1000 1
 991 1000 928 706 1
 991 928 910 706 1
 928 1000 991 377 1
 910 928 991 377 1
 418 124 979 419 1
 418 54 412 1015 1
 412 55 419 918 1
 979 621 1015 918 1
 412 918 979 1015 1
 412 979 418 1015 1
 979 918 412 419 1
 418 979 412 419 1
 561 120 944 560 1
 561 158 562 811 1
 562 128 560 921 1
 944 635 811 921 1
 562 921 944 811 1
 562 944 561 811 1
 944 921 562 560 1
 561 944 562 560 1
 898 153 899 599 1
 898 620 913 853 1
 913 152 599 1013 1
 899 619 853 1013 1
 913 1013 899 853 1
 913 899 898 853 1
 899 1013 913 599 1
 898 899 913 599 1
 515 116 690 520 1
 515 83 518 667 1
 518 139 520 923 1
 690 620 667 923 1
 518 923 690 667 1
 518 690 515 667 1
 690 923 518 520 1
 515 690 518 520 1
 478 86 831 471 1
 478 103 462 957 1
 462 70 471 794 1
 831 624 957 794 1
 462 794 831 957 1
 462 831 478 957 1
 831 794 462 471 1
 478 831 462 471 1
 549 137 885 596 1
 549 136 597 1022 1
 597 153 596 898 1
 885 620 1022 898 1
 597 898 885 1022 1
 597 885 549 1022 1
 885 898 597 596 1
 549 885 597 596 1
 582 145 1003 581 1
 582 138 567 1012 1
 567 125 581 1023 1
 1003 619 1012 1023 1
 567 1023 1003 1012 1
 567 1003 582 1012 1
 1003 1023 567 581 1
 582 1003 567 581 1
 376 46 992 365 1
 376 97 377 991 1
 377 47 365 910 1
 992 612 991 910 1
 377 910 992 991 1
 377 992 376 991 1
 992 910 377 365 1
 376 992 377 365 1
 435 59 1016 436 1
 435 61 437 937 1
 437 57 436 699 1
 1016 610 937 699 1
 437 699 1016 937 1
 437 1016 435 937 1
 1016 699 437 436 1
 435 1016 437 436 1
 1024 119 1025 552 1
 1024 635 944 676 1
 944 120 552 945 1
 1025 629 676 945 1
 944 945 1025 676 1
 944 1025 1024 676 1
 1025 945 944 552 1
 1024 1025 944 552 1
 211 74 995 209 1
 211 38 201 988 1
 201 12 209 987 1
 995 633 988 987 1
 201 987 995 988 1
 201 995 211 988 1
 995 987 201 209 1
 211 995 201 209 1
 446 60 961 443 1
 446 130 447 784 1
 447 61 443 937 1
 961 610 784 937 1
 447 937 961 784 1
 447 961 446 784 1
 961 937 447 443 1
 446 961 447 443 1
 759 608 877 769 1
 759 613 771 946 1
 771 635 769 676 1
 877 629 946 676 1
 771 676 877 946 1
 771 877 759 946 1
 877 676 771 769 1
 759 877 771 769 1
 606 156 1026 469 1
 606 152 530 914 1
 530 161 469 912 1
 1026 618 914 912 1
 530 912 1026 914 1
 530 1026 606 914 1
 1026 912 530 469 1
 606 1026 530 469 1
 465 67 1027 459 1
 465 91 384 872 1
 384 68 459 728 1
 1027 618 872 728 1
 384 728 1027 872 1
 384 1027 465 872 1
 1027 728 384 459 1
 465 1027 384 459 1
 186 84 726 513 1
 186 105 521 958 1
 521 85 513 682 1
 726 622 958 682 1
 521 682 726 958 1
 521 726 186 958 1
 726 682 521 513 1
 186 726 521 513 1
 557 148 984 602 1
 557 150 591 967 1
 591 142 602 1028 1
 984 608 967 1028 1
 591 1028 984 967 1
 591 984 557 967 1
 984 1028 591 602 1
 557 984 591 602 1
 404 92 826 775 1
 404 53 1029 1030 1
 1029 615 775 828 1
 826 614 1030 828 1
 1029 828 826 1030 1
 1029 826 404 1030 1
 826 828 1029 775 1
 404 826 1029 775 1
 527 139 923 529 1
 527 90 528 833 1
 528 152 529 913 1
 923 620 833 913 1
 528 913 923 833 1
 528 923 527 833 1
 923 913 528 529 1
 527 923 528 529 1
 277 56 908 275 1
 277 27 276 972 1
 276 57 275 697 1
 908 609 972 697 1
 276 697 908 972 1
 276 908 277 972 1
 908 697 276 275 1
 277 908 276 275 1
 591 150 966 967 1
 591 142 1028 1031 1
 1028 608 967 759 1
 966 613 1031 759 1
 1028 759 966 1031 1
 1028 966 591 1031 1
 966 759 1028 967 1
 591 966 1028 967 1
 192 108 808 806 1
 192 76 1032 1033 1
 1032 610 806 742 1
 808 632 1033 742 1
 1032 742 808 1033 1
 1032 808 192 1033 1
 808 742 1032 806 1
 192 808 1032 806 1
 1028 142 1034 1031 1
 1028 608 759 841 1
 759 613 1031 974 1
 1034 607 841 974 1
 759 974 1034 841 1
 759 1034 1028 841 1
 1034 974 759 1031 1
 1028 1034 759 1031 1
 405 52 940 410 1
 405 129 411 971 1
 411 158 410 809 1
 940 615 971 809 1
 411 809 940 971 1
 411 940 405 971 1
 940 809 411 410 1
 405 940 411 410 1
 199 137 885 549 1
 199 116 548 690 1
 548 136 549 1022 1
 885 620 690 1022 1
 548 1022 885 690 1
 548 885 199 690 1
 885 1022 548 549 1
 199 885 548 549 1
 229 20 683 19 1
 229 95 228 965 1
 228 18 19 658 1
 683 621 965 658 1
 228 658 683 965 1
 228 683 229 965 1
 683 658 228 19 1
 229 683 228 19 1
 1026 156 1035 457 1
 1026 618 1001 890 1
 1001 145 457 1003 1
 1035 619 890 1003 1
 1001 1003 1035 890 1
 1001 1035 1026 890 1
 1035 1003 1001 457 1
 1026 1035 1001 457 1
 310 72 983 484 1
 310 92 408 777 1
 408 106 484 820 1
 983 628 777 820 1
 408 820 983 777 1
 408 983 310 777 1
 983 820 408 484 1
 310 983 408 484 1
 280 28 1036 250 1
 280 103 282 981 1
 282 41 250 1019 1
 1036 631 981 1019 1
 282 1019 1036 981 1
 282 1036 280 981 1
 1036 1019 282 250 1
 280 1036 282 250 1
 729 624 874 907 1
 729 618 861 875 1
 861 611 907 686 1
 874 631 875 686 1
 861 686 874 875 1
 861 874 729 875 1
 874 686 861 907 1
 729 874 861 907 1
 312 36 954 318 1
 312 50 317 955 1
 317 112 318 1037 1
 954 614 955 1037 1
 317 1037 954 955 1
 317 954 312 955 1
 954 1037 317 318 1
 312 954 317 318 1
 894 94 893 534 1
 894 616 900 660 1
 900 99 534 901 1
 893 621 660 901 1
 900 901 893 660 1
 900 893 894 660 1
 893 901 900 534 1
 894 893 900 534 1
 523 146 1038 291 1
 523 85 521 813 1
 521 105 291 959 1
 1038 630 813 959 1
 521 959 1038 813 1
 521 1038 523 813 1
 1038 959 521 291 1
 523 1038 521 291 1
 406 129 971 422 1
 406 54 420 1014 1
 420 123 422 930 1
 971 615 1014 930 1
 420 930 971 1014 1
 420 971 406 1014 1
 971 930 420 422 1
 406 971 420 422 1
 582 138 998 334 1
 582 145 456 1002 1
 456 151 334 996 1
 998 611 1002 996 1
 456 996 998 1002 1
 456 998 582 1002 1
 998 996 456 334 1
 582 998 456 334 1
 199 137 887 885 1
 199 116 690 693 1
 690 620 885 694 1
 887 632 693 694 1
 690 694 887 693 1
 690 887 199 693 1
 887 694 690 885 1
 199 887 690 885 1
 370 47 910 364 1
 370 91 369 871 1
 369 45 364 978 1
 910 612 871 978 1
 369 978 910 871 1
 369 910 370 871 1
 910 978 369 364 1
 370 910 369 364 1
 749 40 750 248 1
 749 611 996 686 1
 996 151 248 997 1
 750 631 686 997 1
 996 997 750 686 1
 996 750 749 686 1
 750 997 996 248 1
 749 750 996 248 1
 550 139 923 520 1
 550 136 548 1022 1
 548 116 520 690 1
 923 620 1022 690 1
 548 690 923 1022 1
 548 923 550 1022 1
 923 690 548 520 1
 550 923 548 520 1
 953 41 1019 254 1
 953 607 1004 935 1
 1004 134 254 1005 1
 1019 631 935 1005 1
 1004 1005 1019 935 1
 1004 1019 953 935 1
 1019 1005 1004 254 1
 953 1019 1004 254 1
 864 616 660 850 1
 864 615 878 969 1
 878 626 850 720 1
 660 621 969 720 1
 878 720 660 969 1
 878 660 864 969 1
 660 720 878 850 1
 864 660 878 850 1
 914 152 1013 606 1
 914 618 1026 890 1
 1026 156 606 1035 1
 1013 619 890 1035 1
 1026 1035 1013 890 1
 1026 1013 914 890 1
 1013 1035 1026 606 1
 914 1013 1026 606 1
 708 102 709 268 1
 708 609 1039 679 1
 1039 58 268 1040 1
 709 628 679 1040 1
 1039 1040 709 679 1
 1039 709 708 679 1
 709 1040 1039 268 1
 708 709 1039 268 1
 774 627 827 846 1
 774 615 864 828 1
 864 616 846 895 1
 827 614 828 895 1
 864 895 827 828 1
 864 827 774 828 1
 827 895 864 846 1
 774 827 864 846 1
 988 38 1041 204 1
 988 633 798 740 1
 798 37 204 780 1
 1041 632 740 780 1
 798 780 1041 740 1
 798 1041 988 740 1
 1041 780 798 204 1
 988 1041 798 204 1
 1042 113 1043 399 1
 1042 614 1037 1007 1
 1037 112 399 1044 1
 1043 623 1007 1044 1
 1037 1044 1043 1007 1
 1037 1043 1042 1007 1
 1043 1044 1037 399 1
 1042 1043 1037 399 1
 399 113 1043 397 1
 399 112 317 1044 1
 317 50 397 1006 1
 1043 623 1044 1006 1
 317 1006 1043 1044 1
 317 1043 399 1044 1
 1043 1006 317 397 1
 399 1043 317 397 1
 409 106 820 483 1
 409 158 486 812 1
 486 73 483 990 1
 820 628 812 990 1
 486 990 820 812 1
 486 820 409 812 1
 820 990 486 483 1
 409 820 486 483 1
 457 156 1035 583 1
 457 145 581 1003 1
 581 125 583 1023 1
 1035 619 1003 1023 1
 581 1023 1035 1003 1
 581 1035 457 1003 1
 1035 1023 581 583 1
 457 1035 581 583 1
 201 12 987 11 1
 201 38 200 988 1
 200 10 11 986 1
 987 633 988 986 1
 200 986 987 988 1
 200 987 201 988 1
 987 986 200 11 1
 201 987 200 11 1
 252 23 1045 249 1
 252 134 253 1005 1
 253 33 249 934 1
 1045 631 1005 934 1
 253 934 1045 1005 1
 253 1045 252 1005 1
 1045 934 253 249 1
 252 1045 253 249 1
 424 96 1046 425 1
 424 55 423 918 1
 423 94 425 893 1
 1046 621 918 893 1
 423 893 1046 918 1
 423 1046 424 918 1
 1046 893 423 425 1
 424 1046 423 425 1
 260 25 748 267 1
 260 58 268 1039 1
 268 102 267 708 1
 748 609 1039 708 1
 268 708 748 1039 1
 268 748 260 1039 1
 748 708 268 267 1
 260 748 268 267 1
 186 105 958 174 1
 186 84 182 726 1
 182 4 174 960 1
 958 622 726 960 1
 182 960 958 726 1
 182 958 186 726 1
 958 960 182 174 1
 186 958 182 174 1
 319 93 1047 320 1
 319 92 308 826 1
 308 36 320 954 1
 1047 614 826 954 1
 308 954 1047 826 1
 308 1047 319 826 1
 1047 954 308 320 1
 319 1047 308 320 1
 402 53 1029 404 1
 402 52 403 940 1
 403 92 404 775 1
 1029 615 940 775 1
 403 775 1029 940 1
 403 1029 402 940 1
 1029 775 403 404 1
 402 1029 403 404 1
 598 136 1022 597 1
 598 152 599 913 1
 599 153 597 898 1
 1022 620 913 898 1
 599 898 1022 913 1
 599 1022 598 913 1
 1022 898 599 597 1
 598 1022 599 597 1
 392 119 1025 1024 1
 392 135 822 823 1
 822 635 1024 676 1
 1025 629 823 676 1
 822 676 1025 823 1
 822 1025 392 823 1
 1025 676 822 1024 1
 392 1025 822 1024 1
 430 71 1048 432 1
 430 56 433 909 1
 433 157 432 857 1
 1048 628 909 857 1
 433 857 1048 909 1
 433 1048 430 909 1
 1048 857 433 432 1
 430 1048 433 432 1
 1037 112 1044 317 1
 1037 614 955 1007 1
 955 50 317 1006 1
 1044 623 1007 1006 1
 955 1006 1044 1007 1
 955 1044 1037 1007 1
 1044 1006 955 317 1
 1037 1044 955 317 1
 1049 111 1051 1050 1
 1049 616 895 791 1
 895 614 1050 1007 1
 1051 623 791 1007 1
 895 1007 1051 791 1
 895 1051 1049 791 1
 1051 1007 895 1050 1
 1049 1051 895 1050 1
 522 104 802 524 1
 522 85 523 813 1
 523 146 524 1038 1
 802 630 813 1038 1
 523 1038 802 813 1
 523 802 522 813 1
 802 1038 523 524 1
 522 802 523 524 1
 365 46 992 366 1
 365 47 364 910 1
 364 45 366 978 1
 992 612 910 978 1
 364 978 992 910 1
 364 992 365 910 1
 992 978 364 366 1
 365 992 364 366 1
 599 153 899 601 1
 599 152 605 1013 1
 605 154 601 1052 1
 899 619 1013 1052 1
 605 1052 899 1013 1
 605 899 599 1013 1
 899 1052 605 601 1
 599 899 605 601 1
 451 63 838 458 1
 451 67 459 1027 1
 459 68 458 728 1
 838 618 1027 728 1
 459 728 838 1027 1
 459 838 451 1027 1
 838 728 459 458 1
 451 838 459 458 1
 507 99 900 235 1
 507 81 508 938 1
 508 101 235 696 1
 900 616 938 696 1
 508 696 900 938 1
 508 900 507 938 1
 900 696 508 235 1
 507 900 508 235 1
 257 25 748 255 1
 257 26 256 646 1
 256 27 255 972 1
 748 609 646 972 1
 256 972 748 646 1
 256 748 257 646 1
 748 972 256 255 1
 257 748 256 255 1
 1049 111 1050 535 1
 1049 616 894 895 1
 894 94 535 896 1
 1050 614 895 896 1
 894 896 1050 895 1
 894 1050 1049 895 1
 1050 896 894 535 1
 1049 1050 894 535 1
 392 119 1024 552 1
 392 135 558 822 1
 558 120 552 944 1
 1024 635 822 944 1
 558 944 1024 822 1
 558 1024 392 822 1
 1024 944 558 552 1
 392 1024 558 552 1
 362 51 884 355 1
 362 110 361 1021 1
 361 44 355 842 1
 884 629 1021 842 1
 361 842 884 1021 1
 361 884 362 1021 1
 884 842 361 355 1
 362 884 361 355 1
 605 154 1052 584 1
 605 152 606 1013 1
 606 156 584 1035 1
 1052 619 1013 1035 1
 606 1035 1052 1013 1
 606 1052 605 1013 1
 1052 1035 606 584 1
 605 1052 606 584 1
 333 39 956 332 1
 333 138 334 998 1
 334 151 332 996 1
 956 611 998 996 1
 334 996 956 998 1
 334 956 333 998 1
 956 996 334 332 1
 333 956 334 332 1
 281 29 904 244 1
 281 103 280 981 1
 280 28 244 1036 1
 904 631 981 1036 1
 280 1036 904 981 1
 280 904 281 981 1
 904 1036 280 244 1
 281 904 280 244 1
 539 155 926 540 1
 539 97 378 993 1
 378 98 540 1018 1
 926 630 993 1018 1
 378 1018 926 993 1
 378 926 539 993 1
 926 1018 378 540 1
 539 926 378 540 1
 217 14 789 214 1
 217 126 218 1053 1
 218 121 214 764 1
 789 619 1053 764 1
 218 764 789 1053 1
 218 789 217 1053 1
 789 764 218 214 1
 217 789 218 214 1
 1031 142 1034 590 1
 1031 613 973 974 1
 973 133 590 963 1
 1034 607 974 963 1
 973 963 1034 974 1
 973 1034 1031 974 1
 1034 963 973 590 1
 1031 1034 973 590 1
 543 155 926 360 1
 543 160 298 1008 1
 298 107 360 949 1
 926 630 1008 949 1
 298 949 926 1008 1
 298 926 543 1008 1
 926 949 298 360 1
 543 926 298 360 1
 534 94 893 533 1
 534 99 234 901 1
 234 95 533 965 1
 893 621 901 965 1
 234 965 893 901 1
 234 893 534 901 1
 893 965 234 533 1
 534 893 234 533 1
 779 37 780 326 1
 779 610 1032 742 1
 1032 76 326 1033 1
 780 632 742 1033 1
 1032 1033 780 742 1
 1032 780 779 742 1
 780 1033 1032 326 1
 779 780 1032 326 1
 1010 141 1011 595 1
 1010 608 1028 841 1
 1028 142 595 1034 1
 1011 607 841 1034 1
 1028 1034 1011 841 1
 1028 1011 1010 841 1
 1011 1034 1028 595 1
 1010 1011 1028 595 1
 386 49 662 264 1
 386 110 387 1021 1
 387 48 264 654 1
 662 629 1021 654 1
 387 654 662 1021 1
 387 662 386 1021 1
 662 654 387 264 1
 386 662 387 264 1
 986 10 999 200 1
 986 633 988 740 1
 988 38 200 1041 1
 999 632 740 1041 1
 988 1041 999 740 1
 988 999 986 740 1
 999 1041 988 200 1
 986 999 988 200 1
 332 39 956 230 1
 332 151 248 996 1
 248 40 230 749 1
 956 611 996 749 1
 248 749 956 996 1
 248 956 332 996 1
 956 749 248 230 1
 332 956 248 230 1
 490 79 948 337 1
 490 77 491 845 1
 491 78 337 1054 1
 948 607 845 1054 1
 491 1054 948 845 1
 491 948 490 845 1
 948 1054 491 337 1
 490 948 491 337 1
 278 56 908 277 1
 278 58 261 1039 1
 261 27 277 972 1
 908 609 1039 972 1
 261 972 908 1039 1
 261 908 278 1039 1
 908 972 261 277 1
 278 908 261 277 1
 251 23 1045 252 1
 251 41 254 1019 1
 254 134 252 1005 1
 1045 631 1019 1005 1
 254 1005 1045 1019 1
 254 1045 251 1019 1
 1045 1005 254 252 1
 251 1045 254 252 1
 706 612 801 891 1
 706 617 816 927 1
 816 625 891 649 1
 801 630 927 649 1
 816 649 801 927 1
 816 801 706 927 1
 801 649 816 891 1
 706 801 816 891 1
 243 22 1055 246 1
 243 40 248 750 1
 248 151 246 997 1
 1055 631 750 997 1
 248 997 1055 750 1
 248 1055 243 750 1
 1055 997 248 246 1
 243 1055 248 246 1
 509 111 1051 1049 1
 509 81 938 939 1
 938 616 1049 791 1
 1051 623 939 791 1
 938 791 1051 939 1
 938 1051 509 939 1
 1051 791 938 1049 1
 509 1051 938 1049 1
 380 104 802 368 1
 380 98 379 1018 1
 379 46 368 994 1
 802 630 1018 994 1
 379 994 802 1018 1
 379 802 380 1018 1
 802 994 379 368 1
 380 802 379 368 1
 550 136 1022 598 1
 550 139 529 923 1
 529 152 598 913 1
 1022 620 923 913 1
 529 913 1022 923 1
 529 1022 550 923 1
 1022 913 529 598 1
 550 1022 529 598 1
 590 142 1034 594 1
 590 133 593 963 1
 593 132 594 1056 1
 1034 607 963 1056 1
 593 1056 1034 963 1
 593 1034 590 963 1
 1034 1056 593 594 1
 590 1034 593 594 1
 184 108 808 192 1
 184 6 189 734 1
 189 76 192 1033 1
 808 632 734 1033 1
 189 1033 808 734 1
 189 808 184 734 1
 808 1033 189 192 1
 184 808 189 192 1
 839 626 723 782 1
 839 607 840 935 1
 840 624 782 874 1
 723 631 935 874 1
 840 874 723 935 1
 840 723 839 935 1
 723 874 840 782 1
 839 723 840 782 1
 319 92 826 404 1
 319 93 416 1047 1
 416 53 404 1030 1
 826 614 1047 1030 1
 416 1030 826 1047 1
 416 826 319 1047 1
 826 1030 416 404 1
 319 826 416 404 1
 984 148 985 556 1
 984 608 942 877 1
 942 147 556 980 1
 985 629 877 980 1
 942 980 985 877 1
 942 985 984 877 1
 985 980 942 556 1
 984 985 942 556 1
 290 160 1008 289 1
 290 30 274 725 1
 274 32 289 715 1
 1008 630 725 715 1
 274 715 1008 725 1
 274 1008 290 725 1
 1008 715 274 289 1
 290 1008 274 289 1
 192 108 806 438 1
 192 76 445 1032 1
 445 59 438 1016 1
 806 610 1032 1016 1
 445 1016 806 1032 1
 445 806 192 1032 1
 806 1016 445 438 1
 192 806 445 438 1
 354 149 941 604 1
 354 147 556 942 1
 556 148 604 984 1
 941 608 942 984 1
 556 984 941 942 1
 556 941 354 942 1
 941 984 556 604 1
 354 941 556 604 1
 1050 111 1051 511 1
 1050 614 1042 1007 1
 1042 113 511 1043 1
 1051 623 1007 1043 1
 1042 1043 1051 1007 1
 1042 1051 1050 1007 1
 1051 1043 1042 511 1
 1050 1051 1042 511 1
 525 149 941 351 1
 525 141 499 1010 1
 499 88 351 929 1
 941 608 1010 929 1
 499 929 941 1010 1
 499 941 525 1010 1
 941 929 499 351 1
 525 941 499 351 1
 331 80 1017 504 1
 331 115 505 790 1
 505 81 504 939 1
 1017 623 790 939 1
 505 939 1017 790 1
 505 1017 331 790 1
 1017 939 505 504 1
 331 1017 505 504 1
 327 60 961 324 1
 327 76 326 1032 1
 326 37 324 779 1
 961 610 1032 779 1
 326 779 961 1032 1
 326 961 327 1032 1
 961 779 326 324 1
 327 961 326 324 1
 390 119 1025 392 1
 390 49 389 662 1
 389 135 392 823 1
 1025 629 662 823 1
 389 823 1025 662 1
 389 1025 390 662 1
 1025 823 389 392 1
 390 1025 389 392 1
 424 55 918 419 1
 424 96 427 1046 1
 427 124 419 979 1
 918 621 1046 979 1
 427 979 918 1046 1
 427 918 424 1046 1
 918 979 427 419 1
 424 918 427 419 1
 255 25 748 260 1
 255 27 261 972 1
 261 58 260 1039 1
 748 609 972 1039 1
 261 1039 748 972 1
 261 748 255 972 1
 748 1039 261 260 1
 255 748 261 260 1
 510 99 900 507 1
 510 111 509 1049 1
 509 81 507 938 1
 900 616 1049 938 1
 509 938 900 1049 1
 509 900 510 1049 1
 900 938 509 507 1
 510 900 509 507 1
 535 94 894 534 1
 535 111 510 1049 1
 510 99 534 900 1
 894 616 1049 900 1
 510 900 894 1049 1
 510 894 535 1049 1
 894 900 510 534 1
 535 894 510 534 1
 465 91 872 371 1
 465 67 466 1027 1
 466 90 371 869 1
 872 618 1027 869 1
 466 869 872 1027 1
 466 872 465 1027 1
 872 869 466 371 1
 465 872 466 371 1
 382 69 797 385 1
 382 47 377 928 1
 377 97 385 1000 1
 797 617 928 1000 1
 377 1000 797 928 1
 377 797 382 928 1
 797 1000 377 385 1
 382 797 377 385 1
 210 14 789 217 1
 210 140 219 915 1
 219 126 217 1053 1
 789 619 915 1053 1
 219 1053 789 915 1
 219 789 210 915 1
 789 1053 219 217 1
 210 789 219 217 1
 172 143 767 170 1
 172 131 166 1057 1
 166 1 170 719 1
 767 621 1057 719 1
 166 719 767 1057 1
 166 767 172 1057 1
 767 719 166 170 1
 172 767 166 170 1
 535 111 1050 536 1
 535 94 426 896 1
 426 117 536 1020 1
 1050 614 896 1020 1
 426 1020 1050 896 1
 426 1050 535 896 1
 1050 1020 426 536 1
 535 1050 426 536 1
 413 53 1030 1029 1
 413 55 970 919 1
 970 615 1029 828 1
 1030 614 919 828 1
 970 828 1030 919 1
 970 1030 413 919 1
 1030 828 970 1029 1
 413 1030 970 1029 1
 306 157 857 311 1
 306 34 309 870 1
 309 72 311 983 1
 857 628 870 983 1
 309 983 857 870 1
 309 857 306 870 1
 857 983 309 311 1
 306 857 309 311 1
 602 148 984 603 1
 602 142 595 1028 1
 595 141 603 1010 1
 984 608 1028 1010 1
 595 1010 984 1028 1
 595 984 602 1028 1
 984 1010 595 603 1
 602 984 595 603 1
 337 79 948 338 1
 337 78 336 1054 1
 336 41 338 953 1
 948 607 1054 953 1
 336 953 948 1054 1
 336 948 337 1054 1
 948 953 336 338 1
 337 948 336 338 1
 552 119 1025 544 1
 552 120 551 945 1
 551 118 544 1009 1
 1025 629 945 1009 1
 551 1009 1025 945 1
 551 1025 552 945 1
 1025 1009 551 544 1
 552 1025 551 544 1
 502 132 1056 594 1
 502 141 595 1011 1
 595 142 594 1034 1
 1056 607 1011 1034 1
 595 1034 1056 1011 1
 595 1056 502 1011 1
 1056 1034 595 594 1
 502 1056 595 594 1
 559 128 922 560 1
 559 150 554 966 1
 554 120 560 943 1
 922 613 966 943 1
 554 943 922 966 1
 554 922 559 966 1
 922 943 554 560 1
 559 922 554 560 1
 443 60 961 444 1
 443 61 435 937 1
 435 59 444 1016 1
 961 610 937 1016 1
 435 1016 961 937 1
 435 961 443 937 1
 961 1016 435 444 1
 443 961 435 444 1
 353 89 1058 349 1
 353 100 345 865 1
 345 42 349 866 1
 1058 617 865 866 1
 345 866 1058 865 1
 345 1058 353 865 1
 1058 866 345 349 1
 353 1058 345 349 1
 444 60 961 327 1
 444 59 445 1016 1
 445 76 327 1032 1
 961 610 1016 1032 1
 445 1032 961 1016 1
 445 961 444 1016 1
 961 1032 445 327 1
 444 961 445 327 1
 827 627 793 846 1
 827 614 895 1007 1
 895 616 846 791 1
 793 623 1007 791 1
 895 791 793 1007 1
 895 793 827 1007 1
 793 791 895 846 1
 827 793 895 846 1
 467 161 912 468 1
 467 90 466 869 1
 466 67 468 1027 1
 912 618 869 1027 1
 466 1027 912 869 1
 466 912 467 869 1
 912 1027 466 468 1
 467 912 466 468 1
 442 71 1048 431 1
 442 102 268 709 1
 268 58 431 1040 1
 1048 628 709 1040 1
 268 1040 1048 709 1
 268 1048 442 709 1
 1048 1040 268 431 1
 442 1048 268 431 1
 21 20 683 167 1
 21 1 166 719 1
 166 131 167 1057 1
 683 621 719 1057 1
 166 1057 683 719 1
 166 683 21 719 1
 683 1057 166 167 1
 21 683 166 167 1
 455 62 975 453 1
 455 145 457 1001 1
 457 156 453 1026 1
 975 618 1001 1026 1
 457 1026 975 1001 1
 457 975 455 1001 1
 975 1026 457 453 1
 455 975 457 453 1
 200 10 999 205 1
 200 38 204 1041 1
 204 37 205 780 1
 999 632 1041 780 1
 204 780 999 1041 1
 204 999 200 1041 1
 999 780 204 205 1
 200 999 204 205 1
 291 146 1038 292 1
 291 105 288 959 1
 288 30 292 725 1
 1038 630 959 725 1
 288 725 1038 959 1
 288 1038 291 959 1
 1038 725 288 292 1
 291 1038 288 292 1
 414 53 1030 413 1
 414 117 415 1020 1
 415 55 413 919 1
 1030 614 1020 919 1
 415 919 1030 1020 1
 415 1030 414 1020 1
 1030 919 415 413 1
 414 1030 415 413 1
 395 82 1059 463 1
 395 65 448 786 1
 448 66 463 745 1
 1059 623 786 745 1
 448 745 1059 786 1
 448 1059 395 786 1
 1059 745 448 463 1
 395 1059 448 463 1
 511 111 1051 509 1
 511 113 506 1043 1
 506 81 509 939 1
 1051 623 1043 939 1
 506 939 1051 1043 1
 506 1051 511 1043 1
 1051 939 506 509 1
 511 1051 506 509 1
 451 67 1027 452 1
 451 63 284 838 1
 284 62 452 975 1
 1027 618 838 975 1
 284 975 1027 838 1
 284 1027 451 838 1
 1027 975 284 452 1
 451 1027 284 452 1
 7 8 1060 190 1
 7 6 191 734 1
 191 116 190 693 1
 1060 632 734 693 1
 191 693 1060 734 1
 191 1060 7 734 1
 1060 693 191 190 1
 7 1060 191 190 1
 565 121 764 566 1
 565 125 567 1023 1
 567 138 566 1012 1
 764 619 1023 1012 1
 567 1012 764 1023 1
 567 764 565 1023 1
 764 1012 567 566 1
 565 764 567 566 1
 206 37 780 205 1
 206 75 195 1061 1
 195 10 205 999 1
 780 632 1061 999 1
 195 999 780 1061 1
 195 780 206 1061 1
 780 999 195 205 1
 206 780 195 205 1
 604 149 941 525 1
 604 148 603 984 1
 603 141 525 1010 1
 941 608 984 1010 1
 603 1010 941 984 1
 603 941 604 984 1
 941 1010 603 525 1
 604 941 603 525 1
 485 73 990 482 1
 485 135 388 982 1
 388 102 482 709 1
 990 628 982 709 1
 388 709 990 982 1
 388 990 485 982 1
 990 709 388 482 1
 485 990 388 482 1
 247 151 997 246 1
 247 29 245 904 1
 245 22 246 1055 1
 997 631 904 1055 1
 245 1055 997 904 1
 245 997 247 904 1
 997 1055 245 246 1
 247 997 245 246 1
 592 134 1004 299 1
 592 133 578 963 1
 578 144 299 964 1
 1004 607 963 964 1
 578 964 1004 963 1
 578 1004 592 963 1
 1004 964 578 299 1
 592 1004 578 299 1
 555 118 1009 546 1
 555 148 556 985 1
 556 147 546 980 1
 1009 629 985 980 1
 556 980 1009 985 1
 556 1009 555 985 1
 1009 980 556 546 1
 555 1009 556 546 1
 238 22 1055 243 1
 238 24 236 721 1
 236 40 243 750 1
 1055 631 721 750 1
 236 750 1055 721 1
 236 1055 238 721 1
 1055 750 236 243 1
 238 1055 236 243 1
 196 137 887 199 1
 196 8 190 1060 1
 190 116 199 693 1
 887 632 1060 693 1
 190 693 887 1060 1
 190 887 196 1060 1
 887 693 190 199 1
 196 887 190 199 1
 348 42 866 349 1
 348 88 350 920 1
 350 89 349 1058 1
 866 617 920 1058 1
 350 1058 866 920 1
 350 866 348 920 1
 866 1058 350 349 1
 348 866 350 349 1
 326 37 780 206 1
 326 76 198 1033 1
 198 75 206 1061 1
 780 632 1033 1061 1
 198 1061 780 1033 1
 198 780 326 1033 1
 780 1061 198 206 1
 326 780 198 206 1
 574 127 1062 577 1
 574 123 576 931 1
 576 133 577 973 1
 1062 613 931 973 1
 576 973 1062 931 1
 576 1062 574 931 1
 1062 973 576 577 1
 574 1062 576 577 1
 493 77 845 491 1
 493 141 492 1011 1
 492 78 491 1054 1
 845 607 1011 1054 1
 492 1054 845 1011 1
 492 845 493 1011 1
 845 1054 492 491 1
 493 845 492 491 1
 538 124 979 573 1
 538 131 172 1057 1
 172 143 573 767 1
 979 621 1057 767 1
 172 767 979 1057 1
 172 979 538 1057 1
 979 767 172 573 1
 538 979 172 573 1
 422 129 950 575 1
 422 123 574 931 1
 574 127 575 1062 1
 950 613 931 1062 1
 574 1062 950 931 1
 574 950 422 931 1
 950 1062 574 575 1
 422 950 574 575 1
 320 93 1047 321 1
 320 36 318 954 1
 318 112 321 1037 1
 1047 614 954 1037 1
 318 1037 1047 954 1
 318 1047 320 954 1
 1047 1037 318 321 1
 320 1047 318 321 1
 475 87 881 497 1
 475 89 350 1058 1
 350 88 497 920 1
 881 617 1058 920 1
 350 920 881 1058 1
 350 881 475 1058 1
 881 920 350 497 1
 475 881 350 497 1
 600 140 915 585 1
 600 153 601 899 1
 601 154 585 1052 1
 915 619 899 1052 1
 601 1052 915 899 1
 601 915 600 899 1
 915 1052 601 585 1
 600 915 601 585 1
 589 142 1031 590 1
 589 127 577 1062 1
 577 133 590 973 1
 1031 613 1062 973 1
 577 973 1031 1062 1
 577 1031 589 1062 1
 1031 973 577 590 1
 589 1031 577 590 1
 400 52 940 405 1
 400 54 406 1014 1
 406 129 405 971 1
 940 615 1014 971 1
 406 971 940 1014 1
 406 940 400 1014 1
 940 971 406 405 1
 400 940 406 405 1
 249 23 1045 239 1
 249 33 169 934 1
 169 24 239 721 1
 1045 631 934 721 1
 169 721 1045 934 1
 169 1045 249 934 1
 1045 721 169 239 1
 249 1045 169 239 1
 584 154 1052 579 1
 584 156 583 1035 1
 583 125 579 1023 1
 1052 619 1035 1023 1
 583 1023 1052 1035 1
 583 1052 584 1035 1
 1052 1023 583 579 1
 584 1052 583 579 1
 413 53 1029 401 1
 413 55 412 970 1
 412 54 401 1014 1
 1029 615 970 1014 1
 412 1014 1029 970 1
 412 1029 413 970 1
 1029 1014 412 401 1
 413 1029 412 401 1
 390 49 662 386 1
 390 119 391 1025 1
 391 110 386 1021 1
 662 629 1025 1021 1
 391 1021 662 1025 1
 391 662 390 1025 1
 662 1021 391 386 1
 390 662 391 386 1
 400 54 1014 401 1
 400 52 402 940 1
 402 53 401 1029 1
 1014 615 940 1029 1
 402 1029 1014 940 1
 402 1014 400 940 1
 1014 1029 402 401 1
 400 1014 402 401 1
 587 127 1062 575 1
 587 128 586 922 1
 586 129 575 950 1
 1062 613 922 950 1
 586 950 1062 922 1
 586 1062 587 922 1
 1062 950 586 575 1
 587 1062 586 575 1
 394 82 1059 395 1
 394 50 393 1006 1
 393 65 395 786 1
 1059 623 1006 786 1
 393 786 1059 1006 1
 393 1059 394 1006 1
 1059 786 393 395 1
 394 1059 393 395 1
 452 67 1027 454 1
 452 62 453 975 1
 453 156 454 1026 1
 1027 618 975 1026 1
 453 1026 1027 975 1
 453 1027 452 975 1
 1027 1026 453 454 1
 452 1027 453 454 1
 218 121 764 565 1
 218 126 564 1053 1
 564 125 565 1023 1
 764 619 1053 1023 1
 564 1023 764 1053 1
 564 764 218 1053 1
 764 1023 564 565 1
 218 764 564 565 1
 425 96 1046 532 1
 425 94 533 893 1
 533 95 532 965 1
 1046 621 893 965 1
 533 965 1046 893 1
 533 1046 425 893 1
 1046 965 533 532 1
 425 1046 533 532 1
 475 89 1058 476 1
 475 87 474 881 1
 474 69 476 797 1
 1058 617 881 797 1
 474 797 1058 881 1
 474 1058 475 881 1
 1058 797 474 476 1
 475 1058 474 476 1
 463 82 1059 464 1
 463 66 328 745 1
 328 80 464 1017 1
 1059 623 745 1017 1
 328 1017 1059 745 1
 328 1059 463 745 1
 1059 1017 328 464 1
 463 1059 328 464 1
 353 100 865 526 1
 353 89 477 1058 1
 477 97 526 1000 1
 865 617 1058 1000 1
 477 1000 865 1058 1
 477 865 353 1058 1
 865 1000 477 526 1
 353 865 477 526 1
 469 156 1026 454 1
 469 161 468 912 1
 468 67 454 1027 1
 1026 618 912 1027 1
 468 1027 1026 912 1
 468 1026 469 912 1
 1026 1027 468 454 1
 469 1026 468 454 1
 492 78 1054 500 1
 492 141 502 1011 1
 502 132 500 1056 1
 1054 607 1011 1056 1
 502 1056 1054 1011 1
 502 1054 492 1011 1
 1054 1056 502 500 1
 492 1054 502 500 1
 361 44 842 347 1
 361 110 363 1021 1
 363 147 347 980 1
 842 629 1021 980 1
 363 980 842 1021 1
 363 842 361 1021 1
 842 980 363 347 1
 361 842 363 347 1
 432 71 1048 481 1
 432 157 311 857 1
 311 72 481 983 1
 1048 628 857 983 1
 311 983 1048 857 1
 311 1048 432 857 1
 1048 983 311 481 1
 432 1048 311 481 1
 547 111 1050 511 1
 547 112 399 1037 1
 399 113 511 1042 1
 1050 614 1037 1042 1
 399 1042 1050 1037 1
 399 1050 547 1037 1
 1050 1042 399 511 1
 547 1050 399 511 1
 477 97 1000 385 1
 477 89 476 1058 1
 476 69 385 797 1
 1000 617 1058 797 1
 476 797 1000 1058 1
 476 1000 477 1058 1
 1000 797 476 385 1
 477 1000 476 385 1
 587 128 922 559 1
 587 127 588 1062 1
 588 150 559 966 1
 922 613 1062 966 1
 588 966 922 1062 1
 588 922 587 1062 1
 922 966 588 559 1
 587 922 588 559 1
 397 113 1043 398 1
 397 50 394 1006 1
 394 82 398 1059 1
 1043 623 1006 1059 1
 394 1059 1043 1006 1
 394 1043 397 1006 1
 1043 1059 394 398 1
 397 1043 394 398 1
 588 150 966 591 1
 588 127 589 1062 1
 589 142 591 1031 1
 966 613 1062 1031 1
 589 1031 966 1062 1
 589 966 588 1062 1
 966 1031 589 591 1
 588 966 589 591 1
 398 113 1043 506 1
 398 82 503 1059 1
 503 81 506 939 1
 1043 623 1059 939 1
 503 939 1043 1059 1
 503 1043 398 1059 1
 1043 939 503 506 1
 398 1043 503 506 1
 482 73 990 479 1
 482 102 442 709 1
 442 71 479 1048 1
 990 628 709 1048 1
 442 1048 990 709 1
 442 990 482 709 1
 990 1048 442 479 1
 482 990 442 479 1
 464 82 1059 503 1
 464 80 504 1017 1
 504 81 503 939 1
 1059 623 1017 939 1
 504 939 1059 1017 1
 504 1059 464 1017 1
 1059 939 504 503 1
 464 1059 504 503 1
 501 134 1004 592 1
 501 132 593 1056 1
 593 133 592 963 1
 1004 607 1056 963 1
 593 963 1004 1056 1
 593 1004 501 1056 1
 1004 963 593 592 1
 501 1004 593 592 1
 339 78 1054 336 1
 339 134 254 1004 1
 254 41 336 953 1
 1054 607 1004 953 1
 254 953 1054 1004 1
 254 1054 339 1004 1
 1054 953 254 336 1
 339 1054 254 336 1
 241 23 1045 251 1
 241 28 250 1036 1
 250 41 251 1019 1
 1045 631 1036 1019 1
 250 1019 1045 1036 1
 250 1045 241 1036 1
 1045 1019 250 251 1
 241 1045 250 251 1
 484 72 983 480 1
 484 106 483 820 1
 483 73 480 990 1
 983 628 820 990 1
 483 990 983 820 1
 483 983 484 820 1
 983 990 483 480 1
 484 983 483 480 1
 427 124 979 538 1
 427 96 537 1046 1
 537 131 538 1057 1
 979 621 1046 1057 1
 537 1057 979 1046 1
 537 979 427 1046 1
 979 1057 537 538 1
 427 979 537 538 1
 188 8 1060 7 1
 188 76 189 1033 1
 189 6 7 734 1
 1060 632 1033 734 1
 189 734 1060 1033 1
 189 1060 188 1033 1
 1060 734 189 7 1
 188 1060 189 7 1
 242 28 1036 244 1
 242 22 245 1055 1
 245 29 244 904 1
 1036 631 1055 904 1
 245 904 1036 1055 1
 245 1036 242 1055 1
 1036 904 245 244 1
 242 1036 245 244 1
 237 131 1057 167 1
 237 95 229 965 1
 229 20 167 683 1
 1057 621 965 683 1
 229 683 1057 965 1
 229 1057 237 965 1
 1057 683 229 167 1
 237 1057 229 167 1
 524 104 802 380 1
 524 146 541 1038 1
 541 98 380 1018 1
 802 630 1038 1018 1
 541 1018 802 1038 1
 541 802 524 1038 1
 802 1018 541 380 1
 524 802 541 380 1
 540 155 926 543 1
 540 98 542 1018 1
 542 160 543 1008 1
 926 630 1018 1008 1
 542 1008 926 1018 1
 542 926 540 1018 1
 926 1008 542 543 1
 540 926 542 543 1
 194 8 1060 188 1
 194 75 198 1061 1
 198 76 188 1033 1
 1060 632 1061 1033 1
 198 1033 1060 1061 1
 198 1060 194 1061 1
 1060 1033 198 188 1
 194 1060 198 188 1
 537 131 1057 237 1
 537 96 532 1046 1
 532 95 237 965 1
 1057 621 1046 965 1
 532 965 1057 1046 1
 532 1057 537 1046 1
 1057 965 532 237 1
 537 1057 532 237 1
 481 71 1048 479 1
 481 72 480 983 1
 480 73 479 990 1
 1048 628 983 990 1
 480 990 1048 983 1
 480 1048 481 983 1
 1048 990 480 479 1
 481 1048 480 479 1
 363 147 980 546 1
 363 110 545 1021 1
 545 118 546 1009 1
 980 629 1021 1009 1
 545 1009 980 1021 1
 545 980 363 1021 1
 980 1009 545 546 1
 363 980 545 546 1
 531 117 1020 536 1
 531 112 547 1037 1
 547 111 536 1050 1
 1020 614 1037 1050 1
 547 1050 1020 1037 1
 547 1020 531 1037 1
 1020 1050 547 536 1
 531 1020 547 536 1
 219 126 1053 580 1
 219 140 585 915 1
 585 154 580 1052 1
 1053 619 915 1052 1
 585 1052 1053 915 1
 585 1053 219 915 1
 1053 1052 585 580 1
 219 1053 585 580 1
 564 125 1023 579 1
 564 126 580 1053 1
 580 154 579 1052 1
 1023 619 1053 1052 1
 580 1052 1023 1053 1
 580 1023 564 1053 1
 1023 1052 580 579 1
 564 1023 580 579 1
 292 146 1038 293 1
 292 30 290 725 1
 290 160 293 1008 1
 1038 630 725 1008 1
 290 1008 1038 725 1
 290 1038 292 725 1
 1038 1008 290 293 1
 292 1038 290 293 1
 531 112 1037 321 1
 531 117 417 1020 1
 417 93 321 1047 1
 1037 614 1020 1047 1
 417 1047 1037 1020 1
 417 1037 531 1020 1
 1037 1047 417 321 1
 531 1037 417 321 1
 293 146 1038 541 1
 293 160 542 1008 1
 542 98 541 1018 1
 1038 630 1008 1018 1
 542 1018 1038 1008 1
 542 1038 293 1008 1
 1038 1018 542 541 1
 293 1038 542 541 1
 9 10 999 197 1
 9 8 196 1060 1
 196 137 197 887 1
 999 632 1060 887 1
 196 887 999 1060 1
 196 999 9 1060 1
 999 887 196 197 1
 9 999 196 197 1
 391 110 1021 545 1
 391 119 544 1025 1
 544 118 545 1009 1
 1021 629 1025 1009 1
 544 1009 1021 1025 1
 544 1021 391 1025 1
 1021 1009 544 545 1
 391 1021 544 545 1
 416 53 1030 414 1
 416 93 417 1047 1
 417 117 414 1020 1
 1030 614 1047 1020 1
 417 1020 1030 1047 1
 417 1030 416 1047 1
 1030 1020 417 414 1
 416 1030 417 414 1
 195 10 999 9 1
 195 75 194 1061 1
 194 8 9 1060 1
 999 632 1061 1060 1
 194 1060 999 1061 1
 194 999 195 1061 1
 999 1060 194 9 1
 195 999 194 9 1
 238 24 721 239 1
 238 22 240 1055 1
 240 23 239 1045 1
 721 631 1055 1045 1
 240 1045 721 1055 1
 240 721 238 1055 1
 721 1045 240 239 1
 238 721 240 239 1
 240 23 1045 241 1
 240 22 242 1055 1
 242 28 241 1036 1
 1045 631 1055 1036 1
 242 1036 1045 1055 1
 242 1045 240 1055 1
 1045 1036 242 241 1
 240 1045 242 241 1
 501 132 1056 500 1
 501 134 339 1004 1
 339 78 500 1054 1
 1056 607 1004 1054 1
 339 1054 1056 1004 1
 339 1056 501 1004 1
 1056 1054 339 500 1
 501 1056 339 500 1
 800 630 801 650 1
 800 114 664 669 1
 664 622 650 668 1
 801 612 669 668 1
 664 668 801 669 1
 664 801 800 669 1
 801 668 664 650 1
 800 801 664 650 1
 650 630 813 800 1
 650 622 664 682 1
 664 114 800 517 1
 813 85 682 517 1
 664 517 813 682 1
 664 813 650 682 1
 813 517 664 800 1
 650 813 664 800 1
 678 628 709 982 1
 678 49 389 266 1
 389 135 982 388 1
 709 102 266 388 1
 389 388 709 266 1
 389 709 678 266 1
 709 388 389 982 1
 678 709 389 982 1
 982 628 677 678 1
 982 135 389 822 1
 389 49 678 675 1
 677 635 822 675 1
 389 675 677 822 1
 389 677 982 822 1
 677 675 389 678 1
 982 677 389 678 1
 760 613 758 880 1
 760 634 863 755 1
 863 615 880 878 1
 758 626 755 878 1
 863 878 758 755 1
 863 758 760 755 1
 758 878 863 880 1
 760 758 863 880 1
 880 613 771 760 1
 880 615 863 810 1
 863 634 760 770 1
 771 635 810 770 1
 863 770 771 810 1
 863 771 880 810 1
 771 770 863 760 1
 880 771 863 760 1
 787 623 786 1006 1
 787 130 314 396 1
 314 50 1006 393 1
 786 65 396 393 1
 314 393 786 396 1
 314 786 787 396 1
 786 393 314 1006 1
 787 786 314 1006 1
 1006 623 793 787 1
 1006 50 314 836 1
 314 130 787 792 1
 793 627 836 792 1
 314 792 793 836 1
 314 793 1006 836 1
 793 792 314 787 1
 1006 793 314 787 1
 867 617 865 925 1
 867 43 358 344 1
 358 155 925 359 1
 865 100 344 359 1
 358 359 865 344 1
 358 865 867 344 1
 865 359 358 925 1
 867 865 358 925 1
 925 617 816 867 1
 925 155 358 924 1
 358 43 867 805 1
 816 625 924 805 1
 358 805 816 924 1
 358 816 925 924 1
 816 805 358 867 1
 925 816 358 867 1
 848 623 746 747 1
 848 634 753 762 1
 753 610 747 737 1
 746 633 762 737 1
 753 737 746 762 1
 753 746 848 762 1
 746 737 753 747 1
 848 746 753 747 1
 747 623 793 848 1
 747 610 753 714 1
 753 634 848 824 1
 793 627 714 824 1
 753 824 793 714 1
 753 793 747 714 1
 793 824 753 848 1
 747 793 753 848 1
 930 123 889 1063 1
 930 615 969 878 1
 969 621 1063 720 1
 889 626 878 720 1
 969 720 889 878 1
 969 889 930 878 1
 889 720 969 1063 1
 930 889 969 1063 1
 569 123 421 1063 1
 569 122 768 568 1
 768 621 1063 979 1
 421 124 568 979 1
 768 979 421 568 1
 768 421 569 568 1
 421 979 768 1063 1
 569 421 768 1063 1
 768 621 720 1063 1
 768 122 569 766 1
 569 123 1063 889 1
 720 626 766 889 1
 569 889 720 766 1
 569 720 768 766 1
 720 889 569 1063 1
 768 720 569 1063 1
 933 607 1004 964 1
 933 33 300 253 1
 300 144 964 299 1
 1004 134 253 299 1
 300 299 1004 253 1
 300 1004 933 253 1
 1004 299 300 964 1
 933 1004 300 964 1
 964 607 839 933 1
 964 144 300 821 1
 300 33 933 902 1
 839 626 821 902 1
 300 902 839 821 1
 300 839 964 821 1
 839 902 300 933 1
 964 839 300 933 1
 916 140 203 210 1
 916 633 788 987 1
 788 14 210 13 1
 203 12 987 13 1
 788 13 203 987 1
 788 203 916 987 1
 203 13 788 210 1
 916 203 788 210 1
 210 140 915 916 1
 210 14 788 789 1
 788 633 916 672 1
 915 619 789 672 1
 788 672 915 789 1
 788 915 210 789 1
 915 672 788 916 1
 210 915 788 916 1
 1040 58 431 278 1
 1040 628 909 1048 1
 909 56 278 430 1
 431 71 1048 430 1
 909 430 431 1048 1
 909 431 1040 1048 1
 431 430 909 278 1
 1040 431 909 278 1
 909 56 908 278 1
 909 628 1040 679 1
 1040 58 278 1039 1
 908 609 679 1039 1
 1040 1039 908 679 1
 1040 908 909 679 1
 908 1039 1040 278 1
 909 908 1040 278 1
 1015 621 979 1063 1
 1015 54 420 418 1
 420 123 1063 421 1
 979 124 418 421 1
 420 421 979 418 1
 420 979 1015 418 1
 979 421 420 1063 1
 1015 979 420 1063 1
 1063 621 969 1015 1
 1063 123 420 930 1
 420 54 1015 1014 1
 969 615 930 1014 1
 420 1014 969 930 1
 420 969 1063 930 1
 969 1014 420 1015 1
 1063 969 420 1015 1
 989 38 329 330 1
 989 623 790 1017 1
 790 115 330 331 1
 329 80 1017 331 1
 790 331 329 1017 1
 790 329 989 1017 1
 329 331 790 330 1
 989 329 790 330 1
 790 115 772 330 1
 790 623 989 746 1
 989 38 330 988 1
 772 633 746 988 1
 989 988 772 746 1
 989 772 790 746 1
 772 988 989 330 1
 790 772 989 330 1